method	rule_type	feature1	op1	threshold1	feature2	op2	threshold2	sample_count	selected_by_rule	mean_sample_delta_L1_pp	max_sample_worse_L1_pp	improved_samples	worsened_samples	mean_panel_delta_L1_pp	max_panel_worse_L1_pp	improved_panels	worsened_panels	selected_cached_mean_delta_L1_pp	selected_cached_improved_samples	selected_cached_worsened_samples	external_mean_delta_L1_pp	external_improved_samples	external_worsened_samples	cached_gain_preserved_frac	strict_combined_sample_safe
guarded_feature_allocator_a002_refined_guard	single	s_xny_median	>=	230.3				38	34	-0.26295468938063477	0.0	33	0	-0.11727034536489217	0.0	5	0	-0.3114738356868235	29	0	-0.0041859090809617805	4	0	0.9768179881109648	True
guarded_feature_allocator_a002_refined_guard	single	s_xny_mean	>=	345.7788366336634				38	34	-0.26295468938063477	0.0	33	0	-0.11727034536489217	0.0	5	0	-0.3114738356868235	29	0	-0.0041859090809617805	4	0	0.9768179881109648	True
guarded_feature_allocator_a002_refined_guard	single	xny_max_median	>=	230.3				38	34	-0.26295468938063477	0.0	33	0	-0.11727034536489217	0.0	5	0	-0.3114738356868235	29	0	-0.0041859090809617805	4	0	0.9768179881109648	True
guarded_feature_allocator_a002_refined_guard	single	xny_max_mean	>=	345.7788366336634				38	34	-0.26295468938063477	0.0	33	0	-0.11727034536489217	0.0	5	0	-0.3114738356868235	29	0	-0.0041859090809617805	4	0	0.9768179881109648	True
guarded_feature_allocator_a002_refined_guard	single	s_depth_median	>=	0.2253115				38	34	-0.26295468938063477	0.0	33	0	-0.11727034536489217	0.0	5	0	-0.3114738356868235	29	0	-0.0041859090809617805	4	0	0.9768179881109648	True
guarded_feature_allocator_a002_refined_guard	single	u_depth_median	>=	0.12905				38	34	-0.26295468938063477	0.0	33	0	-0.11727034536489217	0.0	5	0	-0.3114738356868235	29	0	-0.0041859090809617805	4	0	0.9768179881109648	True
guarded_feature_allocator_a002_refined_guard	two_feature_and	s_xny_median	>=	230.3	s_xny_mean	>=	345.7788366336634	38	33	-0.26295468938063477	0.0	33	0	-0.11727034536489217	0.0	5	0	-0.3114738356868235	29	0	-0.0041859090809617805	4	0	0.9768179881109648	True
guarded_feature_allocator_a002_refined_guard	two_feature_and	s_xny_median	>=	230.3	xny_max_median	>=	230.3	38	34	-0.26295468938063477	0.0	33	0	-0.11727034536489217	0.0	5	0	-0.3114738356868235	29	0	-0.0041859090809617805	4	0	0.9768179881109648	True
guarded_feature_allocator_a002_refined_guard	two_feature_and	s_xny_median	>=	230.3	xny_max_mean	>=	345.7788366336634	38	33	-0.26295468938063477	0.0	33	0	-0.11727034536489217	0.0	5	0	-0.3114738356868235	29	0	-0.0041859090809617805	4	0	0.9768179881109648	True
guarded_feature_allocator_a002_refined_guard	two_feature_and	s_xny_median	>=	230.3	s_depth_median	>=	0.2253115	38	34	-0.26295468938063477	0.0	33	0	-0.11727034536489217	0.0	5	0	-0.3114738356868235	29	0	-0.0041859090809617805	4	0	0.9768179881109648	True
guarded_feature_allocator_a002_refined_guard	two_feature_and	s_xny_median	>=	230.3	u_depth_median	>=	0.12905	38	34	-0.26295468938063477	0.0	33	0	-0.11727034536489217	0.0	5	0	-0.3114738356868235	29	0	-0.0041859090809617805	4	0	0.9768179881109648	True
guarded_feature_allocator_a002_refined_guard	two_feature_and	s_xny_mean	>=	345.7788366336634	xny_max_median	>=	230.3	38	33	-0.26295468938063477	0.0	33	0	-0.11727034536489217	0.0	5	0	-0.3114738356868235	29	0	-0.0041859090809617805	4	0	0.9768179881109648	True
guarded_feature_allocator_a002_refined_guard	two_feature_and	s_xny_mean	>=	345.7788366336634	xny_max_mean	>=	345.7788366336634	38	34	-0.26295468938063477	0.0	33	0	-0.11727034536489217	0.0	5	0	-0.3114738356868235	29	0	-0.0041859090809617805	4	0	0.9768179881109648	True
guarded_feature_allocator_a002_refined_guard	two_feature_and	s_xny_mean	>=	345.7788366336634	s_depth_median	>=	0.2253115	38	33	-0.26295468938063477	0.0	33	0	-0.11727034536489217	0.0	5	0	-0.3114738356868235	29	0	-0.0041859090809617805	4	0	0.9768179881109648	True
guarded_feature_allocator_a002_refined_guard	two_feature_and	s_xny_mean	>=	345.7788366336634	u_depth_median	>=	0.12905	38	33	-0.26295468938063477	0.0	33	0	-0.11727034536489217	0.0	5	0	-0.3114738356868235	29	0	-0.0041859090809617805	4	0	0.9768179881109648	True
guarded_feature_allocator_a002_refined_guard	two_feature_and	xny_max_median	>=	230.3	xny_max_mean	>=	345.7788366336634	38	33	-0.26295468938063477	0.0	33	0	-0.11727034536489217	0.0	5	0	-0.3114738356868235	29	0	-0.0041859090809617805	4	0	0.9768179881109648	True
guarded_feature_allocator_a002_refined_guard	two_feature_and	xny_max_median	>=	230.3	s_depth_median	>=	0.2253115	38	34	-0.26295468938063477	0.0	33	0	-0.11727034536489217	0.0	5	0	-0.3114738356868235	29	0	-0.0041859090809617805	4	0	0.9768179881109648	True
guarded_feature_allocator_a002_refined_guard	two_feature_and	xny_max_median	>=	230.3	u_depth_median	>=	0.12905	38	34	-0.26295468938063477	0.0	33	0	-0.11727034536489217	0.0	5	0	-0.3114738356868235	29	0	-0.0041859090809617805	4	0	0.9768179881109648	True
guarded_feature_allocator_a002_refined_guard	two_feature_and	xny_max_mean	>=	345.7788366336634	s_depth_median	>=	0.2253115	38	33	-0.26295468938063477	0.0	33	0	-0.11727034536489217	0.0	5	0	-0.3114738356868235	29	0	-0.0041859090809617805	4	0	0.9768179881109648	True
guarded_feature_allocator_a002_refined_guard	two_feature_and	xny_max_mean	>=	345.7788366336634	u_depth_median	>=	0.12905	38	33	-0.26295468938063477	0.0	33	0	-0.11727034536489217	0.0	5	0	-0.3114738356868235	29	0	-0.0041859090809617805	4	0	0.9768179881109648	True
guarded_feature_allocator_a002_refined_guard	two_feature_and	s_depth_median	>=	0.2253115	u_depth_median	>=	0.12905	38	34	-0.26295468938063477	0.0	33	0	-0.11727034536489217	0.0	5	0	-0.3114738356868235	29	0	-0.0041859090809617805	4	0	0.9768179881109648	True
guarded_feature_allocator_a002_refined_guard	single	s_breadth_median	>=	0.11932904999999999				38	34	-0.26266728144928203	0.0	32	0	-0.11666359528759189	0.0	5	0	-0.3114738356868235	29	0	-0.0023656588490609254	3	0	0.9768179881109648	True
guarded_feature_allocator_a002_refined_guard	two_feature_and	s_xny_median	>=	230.3	s_breadth_median	>=	0.11932904999999999	38	33	-0.26266728144928203	0.0	32	0	-0.11666359528759189	0.0	5	0	-0.3114738356868235	29	0	-0.0023656588490609254	3	0	0.9768179881109648	True
guarded_feature_allocator_a002_refined_guard	two_feature_and	s_xny_mean	>=	345.7788366336634	s_breadth_median	>=	0.11932904999999999	38	33	-0.26266728144928203	0.0	32	0	-0.11666359528759189	0.0	5	0	-0.3114738356868235	29	0	-0.0023656588490609254	3	0	0.9768179881109648	True
guarded_feature_allocator_a002_refined_guard	two_feature_and	xny_max_median	>=	230.3	s_breadth_median	>=	0.11932904999999999	38	33	-0.26266728144928203	0.0	32	0	-0.11666359528759189	0.0	5	0	-0.3114738356868235	29	0	-0.0023656588490609254	3	0	0.9768179881109648	True
guarded_feature_allocator_a002_refined_guard	two_feature_and	xny_max_mean	>=	345.7788366336634	s_breadth_median	>=	0.11932904999999999	38	33	-0.26266728144928203	0.0	32	0	-0.11666359528759189	0.0	5	0	-0.3114738356868235	29	0	-0.0023656588490609254	3	0	0.9768179881109648	True
guarded_feature_allocator_a002_refined_guard	two_feature_and	s_depth_median	>=	0.2253115	s_breadth_median	>=	0.11932904999999999	38	33	-0.26266728144928203	0.0	32	0	-0.11666359528759189	0.0	5	0	-0.3114738356868235	29	0	-0.0023656588490609254	3	0	0.9768179881109648	True
guarded_feature_allocator_a002_refined_guard	two_feature_and	u_depth_median	>=	0.12905	s_breadth_median	>=	0.11932904999999999	38	33	-0.26266728144928203	0.0	32	0	-0.11666359528759189	0.0	5	0	-0.3114738356868235	29	0	-0.0023656588490609254	3	0	0.9768179881109648	True
guarded_feature_allocator_a002_refined_guard	single	s_breadth_median	>=	0.187603				38	30	-0.26238383952141503	0.0	30	0	-0.11606521788431697	0.0	4	0	-0.3114738356868235	29	0	-0.0005705266392361982	1	0	0.9768179881109648	True
guarded_feature_allocator_a002_refined_guard	two_feature_and	s_xny_median	>=	230.3	s_breadth_median	>=	0.187603	38	30	-0.26238383952141503	0.0	30	0	-0.11606521788431697	0.0	4	0	-0.3114738356868235	29	0	-0.0005705266392361982	1	0	0.9768179881109648	True
guarded_feature_allocator_a002_refined_guard	two_feature_and	s_xny_mean	>=	345.7788366336634	s_breadth_median	>=	0.187603	38	30	-0.26238383952141503	0.0	30	0	-0.11606521788431697	0.0	4	0	-0.3114738356868235	29	0	-0.0005705266392361982	1	0	0.9768179881109648	True
guarded_feature_allocator_a002_refined_guard	two_feature_and	xny_max_median	>=	230.3	s_breadth_median	>=	0.187603	38	30	-0.26238383952141503	0.0	30	0	-0.11606521788431697	0.0	4	0	-0.3114738356868235	29	0	-0.0005705266392361982	1	0	0.9768179881109648	True
guarded_feature_allocator_a002_refined_guard	two_feature_and	xny_max_mean	>=	345.7788366336634	s_breadth_median	>=	0.187603	38	30	-0.26238383952141503	0.0	30	0	-0.11606521788431697	0.0	4	0	-0.3114738356868235	29	0	-0.0005705266392361982	1	0	0.9768179881109648	True
guarded_feature_allocator_a002_refined_guard	two_feature_and	s_depth_median	>=	0.2253115	s_breadth_median	>=	0.187603	38	30	-0.26238383952141503	0.0	30	0	-0.11606521788431697	0.0	4	0	-0.3114738356868235	29	0	-0.0005705266392361982	1	0	0.9768179881109648	True
guarded_feature_allocator_a002_refined_guard	two_feature_and	u_depth_median	>=	0.12905	s_breadth_median	>=	0.187603	38	30	-0.26238383952141503	0.0	30	0	-0.11606521788431697	0.0	4	0	-0.3114738356868235	29	0	-0.0005705266392361982	1	0	0.9768179881109648	True
guarded_feature_allocator_a002_refined_guard	single	reported_ani_median	>=	0.9623946				38	30	-0.2622937563678514	0.0	29	0	-0.11587504233790491	0.0	3	0	-0.3114738356868235	29	0	0.0	0	0	0.9768179881109648	True
guarded_feature_allocator_a002_refined_guard	two_feature_and	s_xny_median	>=	230.3	reported_ani_median	>=	0.9623946	38	29	-0.2622937563678514	0.0	29	0	-0.11587504233790491	0.0	3	0	-0.3114738356868235	29	0	0.0	0	0	0.9768179881109648	True
guarded_feature_allocator_a002_refined_guard	two_feature_and	s_xny_mean	>=	345.7788366336634	reported_ani_median	>=	0.9623946	38	30	-0.2622937563678514	0.0	29	0	-0.11587504233790491	0.0	3	0	-0.3114738356868235	29	0	0.0	0	0	0.9768179881109648	True
guarded_feature_allocator_a002_refined_guard	two_feature_and	xny_max_median	>=	230.3	reported_ani_median	>=	0.9623946	38	29	-0.2622937563678514	0.0	29	0	-0.11587504233790491	0.0	3	0	-0.3114738356868235	29	0	0.0	0	0	0.9768179881109648	True
guarded_feature_allocator_a002_refined_guard	two_feature_and	xny_max_mean	>=	345.7788366336634	reported_ani_median	>=	0.9623946	38	30	-0.2622937563678514	0.0	29	0	-0.11587504233790491	0.0	3	0	-0.3114738356868235	29	0	0.0	0	0	0.9768179881109648	True
guarded_feature_allocator_a002_refined_guard	two_feature_and	s_depth_median	>=	0.2253115	reported_ani_median	>=	0.9623946	38	29	-0.2622937563678514	0.0	29	0	-0.11587504233790491	0.0	3	0	-0.3114738356868235	29	0	0.0	0	0	0.9768179881109648	True
guarded_feature_allocator_a002_refined_guard	two_feature_and	u_depth_median	>=	0.12905	reported_ani_median	>=	0.9623946	38	29	-0.2622937563678514	0.0	29	0	-0.11587504233790491	0.0	3	0	-0.3114738356868235	29	0	0.0	0	0	0.9768179881109648	True
guarded_feature_allocator_a002_refined_guard	two_feature_and	s_breadth_median	>=	0.11932904999999999	reported_ani_median	>=	0.9623946	38	30	-0.2622937563678514	0.0	29	0	-0.11587504233790491	0.0	3	0	-0.3114738356868235	29	0	0.0	0	0	0.9768179881109648	True
guarded_feature_allocator_a002_refined_guard	two_feature_and	s_breadth_median	>=	0.187603	reported_ani_median	>=	0.9623946	38	29	-0.2622937563678514	0.0	29	0	-0.11587504233790491	0.0	3	0	-0.3114738356868235	29	0	0.0	0	0	0.9768179881109648	True
guarded_feature_allocator_a002_refined_guard	single	s_depth_median	>=	0.2939449				38	30	-0.2509818021598054	0.0	30	0	-0.10053678464289546	0.0	4	0	-0.29726765083964996	27	0	-0.004123942533968176	3	0	0.9322657486891558	True
guarded_feature_allocator_a002_refined_guard	two_feature_and	s_xny_median	>=	230.3	s_depth_median	>=	0.2939449	38	30	-0.2509818021598054	0.0	30	0	-0.10053678464289546	0.0	4	0	-0.29726765083964996	27	0	-0.004123942533968176	3	0	0.9322657486891558	True
guarded_feature_allocator_a002_refined_guard	two_feature_and	s_xny_mean	>=	345.7788366336634	s_depth_median	>=	0.2939449	38	30	-0.2509818021598054	0.0	30	0	-0.10053678464289546	0.0	4	0	-0.29726765083964996	27	0	-0.004123942533968176	3	0	0.9322657486891558	True
guarded_feature_allocator_a002_refined_guard	two_feature_and	xny_max_median	>=	230.3	s_depth_median	>=	0.2939449	38	30	-0.2509818021598054	0.0	30	0	-0.10053678464289546	0.0	4	0	-0.29726765083964996	27	0	-0.004123942533968176	3	0	0.9322657486891558	True
guarded_feature_allocator_a002_refined_guard	two_feature_and	xny_max_mean	>=	345.7788366336634	s_depth_median	>=	0.2939449	38	30	-0.2509818021598054	0.0	30	0	-0.10053678464289546	0.0	4	0	-0.29726765083964996	27	0	-0.004123942533968176	3	0	0.9322657486891558	True
guarded_feature_allocator_a002_refined_guard	two_feature_and	u_depth_median	>=	0.12905	s_depth_median	>=	0.2939449	38	30	-0.2509818021598054	0.0	30	0	-0.10053678464289546	0.0	4	0	-0.29726765083964996	27	0	-0.004123942533968176	3	0	0.9322657486891558	True
guarded_feature_allocator_a002_refined_guard	two_feature_and	s_breadth_median	>=	0.11932904999999999	s_depth_median	>=	0.2939449	38	29	-0.2506943942284527	0.0	29	0	-0.09993003456559518	0.0	4	0	-0.29726765083964996	27	0	-0.002303692302067321	2	0	0.9322657486891558	True
guarded_feature_allocator_a002_refined_guard	two_feature_and	s_breadth_median	>=	0.187603	s_depth_median	>=	0.2939449	38	28	-0.2504207364922162	0.0	28	0	-0.09935231267798479	0.0	4	0	-0.29726765083964996	27	0	-0.0005705266392361982	1	0	0.9322657486891558	True
guarded_feature_allocator_a002_refined_guard	two_feature_and	reported_ani_median	>=	0.9623946	s_depth_median	>=	0.2939449	38	27	-0.2503306533386526	0.0	27	0	-0.09916213713157274	0.0	3	0	-0.29726765083964996	27	0	0.0	0	0	0.9322657486891558	True
guarded_feature_allocator_a002_refined_guard	single	s_xny_median	>=	297.90000000000003				38	30	-0.2489141674714702	0.0	30	0	-0.08762924355665574	0.0	4	0	-0.2948123346472518	27	0	-0.004123942533968176	3	0	0.9245655930149369	True
guarded_feature_allocator_a002_refined_guard	single	s_xny_mean	>=	403.5382411725516				38	30	-0.2489141674714702	0.0	30	0	-0.08762924355665574	0.0	4	0	-0.2948123346472518	27	0	-0.004123942533968176	3	0	0.9245655930149369	True
guarded_feature_allocator_a002_refined_guard	single	xny_max_median	>=	297.90000000000003				38	30	-0.2489141674714702	0.0	30	0	-0.08762924355665574	0.0	4	0	-0.2948123346472518	27	0	-0.004123942533968176	3	0	0.9245655930149369	True
guarded_feature_allocator_a002_refined_guard	single	xny_max_mean	>=	403.5382411725516				38	30	-0.2489141674714702	0.0	30	0	-0.08762924355665574	0.0	4	0	-0.2948123346472518	27	0	-0.004123942533968176	3	0	0.9245655930149369	True
guarded_feature_allocator_a002_refined_guard	two_feature_and	s_xny_median	>=	230.3	s_xny_mean	>=	403.5382411725516	38	30	-0.2489141674714702	0.0	30	0	-0.08762924355665574	0.0	4	0	-0.2948123346472518	27	0	-0.004123942533968176	3	0	0.9245655930149369	True
guarded_feature_allocator_a002_refined_guard	two_feature_and	s_xny_median	>=	230.3	xny_max_median	>=	297.90000000000003	38	30	-0.2489141674714702	0.0	30	0	-0.08762924355665574	0.0	4	0	-0.2948123346472518	27	0	-0.004123942533968176	3	0	0.9245655930149369	True
guarded_feature_allocator_a002_refined_guard	two_feature_and	s_xny_median	>=	230.3	xny_max_mean	>=	403.5382411725516	38	30	-0.2489141674714702	0.0	30	0	-0.08762924355665574	0.0	4	0	-0.2948123346472518	27	0	-0.004123942533968176	3	0	0.9245655930149369	True
guarded_feature_allocator_a002_refined_guard	two_feature_and	s_xny_mean	>=	345.7788366336634	s_xny_median	>=	297.90000000000003	38	30	-0.2489141674714702	0.0	30	0	-0.08762924355665574	0.0	4	0	-0.2948123346472518	27	0	-0.004123942533968176	3	0	0.9245655930149369	True
guarded_feature_allocator_a002_refined_guard	two_feature_and	s_xny_mean	>=	345.7788366336634	xny_max_median	>=	297.90000000000003	38	30	-0.2489141674714702	0.0	30	0	-0.08762924355665574	0.0	4	0	-0.2948123346472518	27	0	-0.004123942533968176	3	0	0.9245655930149369	True
guarded_feature_allocator_a002_refined_guard	two_feature_and	s_xny_mean	>=	345.7788366336634	xny_max_mean	>=	403.5382411725516	38	30	-0.2489141674714702	0.0	30	0	-0.08762924355665574	0.0	4	0	-0.2948123346472518	27	0	-0.004123942533968176	3	0	0.9245655930149369	True
guarded_feature_allocator_a002_refined_guard	two_feature_and	xny_max_median	>=	230.3	s_xny_median	>=	297.90000000000003	38	30	-0.2489141674714702	0.0	30	0	-0.08762924355665574	0.0	4	0	-0.2948123346472518	27	0	-0.004123942533968176	3	0	0.9245655930149369	True
guarded_feature_allocator_a002_refined_guard	two_feature_and	xny_max_median	>=	230.3	s_xny_mean	>=	403.5382411725516	38	30	-0.2489141674714702	0.0	30	0	-0.08762924355665574	0.0	4	0	-0.2948123346472518	27	0	-0.004123942533968176	3	0	0.9245655930149369	True
guarded_feature_allocator_a002_refined_guard	two_feature_and	xny_max_median	>=	230.3	xny_max_mean	>=	403.5382411725516	38	30	-0.2489141674714702	0.0	30	0	-0.08762924355665574	0.0	4	0	-0.2948123346472518	27	0	-0.004123942533968176	3	0	0.9245655930149369	True
guarded_feature_allocator_a002_refined_guard	two_feature_and	xny_max_mean	>=	345.7788366336634	s_xny_median	>=	297.90000000000003	38	30	-0.2489141674714702	0.0	30	0	-0.08762924355665574	0.0	4	0	-0.2948123346472518	27	0	-0.004123942533968176	3	0	0.9245655930149369	True
guarded_feature_allocator_a002_refined_guard	two_feature_and	xny_max_mean	>=	345.7788366336634	s_xny_mean	>=	403.5382411725516	38	30	-0.2489141674714702	0.0	30	0	-0.08762924355665574	0.0	4	0	-0.2948123346472518	27	0	-0.004123942533968176	3	0	0.9245655930149369	True
guarded_feature_allocator_a002_refined_guard	two_feature_and	xny_max_mean	>=	345.7788366336634	xny_max_median	>=	297.90000000000003	38	30	-0.2489141674714702	0.0	30	0	-0.08762924355665574	0.0	4	0	-0.2948123346472518	27	0	-0.004123942533968176	3	0	0.9245655930149369	True
guarded_feature_allocator_a002_refined_guard	two_feature_and	s_depth_median	>=	0.2253115	s_xny_median	>=	297.90000000000003	38	30	-0.2489141674714702	0.0	30	0	-0.08762924355665574	0.0	4	0	-0.2948123346472518	27	0	-0.004123942533968176	3	0	0.9245655930149369	True
guarded_feature_allocator_a002_refined_guard	two_feature_and	s_depth_median	>=	0.2253115	s_xny_mean	>=	403.5382411725516	38	30	-0.2489141674714702	0.0	30	0	-0.08762924355665574	0.0	4	0	-0.2948123346472518	27	0	-0.004123942533968176	3	0	0.9245655930149369	True
guarded_feature_allocator_a002_refined_guard	two_feature_and	s_depth_median	>=	0.2253115	xny_max_median	>=	297.90000000000003	38	30	-0.2489141674714702	0.0	30	0	-0.08762924355665574	0.0	4	0	-0.2948123346472518	27	0	-0.004123942533968176	3	0	0.9245655930149369	True
guarded_feature_allocator_a002_refined_guard	two_feature_and	s_depth_median	>=	0.2253115	xny_max_mean	>=	403.5382411725516	38	30	-0.2489141674714702	0.0	30	0	-0.08762924355665574	0.0	4	0	-0.2948123346472518	27	0	-0.004123942533968176	3	0	0.9245655930149369	True
guarded_feature_allocator_a002_refined_guard	two_feature_and	u_depth_median	>=	0.12905	s_xny_median	>=	297.90000000000003	38	30	-0.2489141674714702	0.0	30	0	-0.08762924355665574	0.0	4	0	-0.2948123346472518	27	0	-0.004123942533968176	3	0	0.9245655930149369	True
guarded_feature_allocator_a002_refined_guard	two_feature_and	u_depth_median	>=	0.12905	s_xny_mean	>=	403.5382411725516	38	30	-0.2489141674714702	0.0	30	0	-0.08762924355665574	0.0	4	0	-0.2948123346472518	27	0	-0.004123942533968176	3	0	0.9245655930149369	True
guarded_feature_allocator_a002_refined_guard	two_feature_and	u_depth_median	>=	0.12905	xny_max_median	>=	297.90000000000003	38	30	-0.2489141674714702	0.0	30	0	-0.08762924355665574	0.0	4	0	-0.2948123346472518	27	0	-0.004123942533968176	3	0	0.9245655930149369	True
guarded_feature_allocator_a002_refined_guard	two_feature_and	u_depth_median	>=	0.12905	xny_max_mean	>=	403.5382411725516	38	30	-0.2489141674714702	0.0	30	0	-0.08762924355665574	0.0	4	0	-0.2948123346472518	27	0	-0.004123942533968176	3	0	0.9245655930149369	True
guarded_feature_allocator_a002_refined_guard	two_feature_and	s_xny_median	>=	297.90000000000003	s_xny_mean	>=	403.5382411725516	38	30	-0.2489141674714702	0.0	30	0	-0.08762924355665574	0.0	4	0	-0.2948123346472518	27	0	-0.004123942533968176	3	0	0.9245655930149369	True
guarded_feature_allocator_a002_refined_guard	two_feature_and	s_xny_median	>=	297.90000000000003	xny_max_median	>=	297.90000000000003	38	30	-0.2489141674714702	0.0	30	0	-0.08762924355665574	0.0	4	0	-0.2948123346472518	27	0	-0.004123942533968176	3	0	0.9245655930149369	True
guarded_feature_allocator_a002_refined_guard	two_feature_and	s_xny_median	>=	297.90000000000003	xny_max_mean	>=	403.5382411725516	38	30	-0.2489141674714702	0.0	30	0	-0.08762924355665574	0.0	4	0	-0.2948123346472518	27	0	-0.004123942533968176	3	0	0.9245655930149369	True
guarded_feature_allocator_a002_refined_guard	two_feature_and	s_xny_mean	>=	403.5382411725516	xny_max_median	>=	297.90000000000003	38	30	-0.2489141674714702	0.0	30	0	-0.08762924355665574	0.0	4	0	-0.2948123346472518	27	0	-0.004123942533968176	3	0	0.9245655930149369	True
guarded_feature_allocator_a002_refined_guard	two_feature_and	s_xny_mean	>=	403.5382411725516	xny_max_mean	>=	403.5382411725516	38	30	-0.2489141674714702	0.0	30	0	-0.08762924355665574	0.0	4	0	-0.2948123346472518	27	0	-0.004123942533968176	3	0	0.9245655930149369	True
guarded_feature_allocator_a002_refined_guard	two_feature_and	xny_max_median	>=	297.90000000000003	xny_max_mean	>=	403.5382411725516	38	30	-0.2489141674714702	0.0	30	0	-0.08762924355665574	0.0	4	0	-0.2948123346472518	27	0	-0.004123942533968176	3	0	0.9245655930149369	True
guarded_feature_allocator_a002_refined_guard	two_feature_and	s_breadth_median	>=	0.11932904999999999	s_xny_median	>=	297.90000000000003	38	29	-0.24862675954011743	0.0	29	0	-0.08702249347935546	0.0	4	0	-0.2948123346472518	27	0	-0.002303692302067321	2	0	0.9245655930149369	True
guarded_feature_allocator_a002_refined_guard	two_feature_and	s_breadth_median	>=	0.11932904999999999	s_xny_mean	>=	403.5382411725516	38	29	-0.24862675954011743	0.0	29	0	-0.08702249347935546	0.0	4	0	-0.2948123346472518	27	0	-0.002303692302067321	2	0	0.9245655930149369	True
guarded_feature_allocator_a002_refined_guard	two_feature_and	s_breadth_median	>=	0.11932904999999999	xny_max_median	>=	297.90000000000003	38	29	-0.24862675954011743	0.0	29	0	-0.08702249347935546	0.0	4	0	-0.2948123346472518	27	0	-0.002303692302067321	2	0	0.9245655930149369	True
guarded_feature_allocator_a002_refined_guard	two_feature_and	s_breadth_median	>=	0.11932904999999999	xny_max_mean	>=	403.5382411725516	38	29	-0.24862675954011743	0.0	29	0	-0.08702249347935546	0.0	4	0	-0.2948123346472518	27	0	-0.002303692302067321	2	0	0.9245655930149369	True
guarded_feature_allocator_a002_refined_guard	two_feature_and	s_breadth_median	>=	0.187603	s_xny_median	>=	297.90000000000003	38	28	-0.24835310180388093	0.0	28	0	-0.08644477159174507	0.0	4	0	-0.2948123346472518	27	0	-0.0005705266392361982	1	0	0.9245655930149369	True
guarded_feature_allocator_a002_refined_guard	two_feature_and	s_breadth_median	>=	0.187603	s_xny_mean	>=	403.5382411725516	38	28	-0.24835310180388093	0.0	28	0	-0.08644477159174507	0.0	4	0	-0.2948123346472518	27	0	-0.0005705266392361982	1	0	0.9245655930149369	True
guarded_feature_allocator_a002_refined_guard	two_feature_and	s_breadth_median	>=	0.187603	xny_max_median	>=	297.90000000000003	38	28	-0.24835310180388093	0.0	28	0	-0.08644477159174507	0.0	4	0	-0.2948123346472518	27	0	-0.0005705266392361982	1	0	0.9245655930149369	True
guarded_feature_allocator_a002_refined_guard	two_feature_and	s_breadth_median	>=	0.187603	xny_max_mean	>=	403.5382411725516	38	28	-0.24835310180388093	0.0	28	0	-0.08644477159174507	0.0	4	0	-0.2948123346472518	27	0	-0.0005705266392361982	1	0	0.9245655930149369	True
guarded_feature_allocator_a002_refined_guard	two_feature_and	reported_ani_median	>=	0.9623946	s_xny_median	>=	297.90000000000003	38	27	-0.24826301865031733	0.0	27	0	-0.08625459604533302	0.0	3	0	-0.2948123346472518	27	0	0.0	0	0	0.9245655930149369	True
guarded_feature_allocator_a002_refined_guard	two_feature_and	reported_ani_median	>=	0.9623946	s_xny_mean	>=	403.5382411725516	38	27	-0.24826301865031733	0.0	27	0	-0.08625459604533302	0.0	3	0	-0.2948123346472518	27	0	0.0	0	0	0.9245655930149369	True
guarded_feature_allocator_a002_refined_guard	two_feature_and	reported_ani_median	>=	0.9623946	xny_max_median	>=	297.90000000000003	38	27	-0.24826301865031733	0.0	27	0	-0.08625459604533302	0.0	3	0	-0.2948123346472518	27	0	0.0	0	0	0.9245655930149369	True
guarded_feature_allocator_a002_refined_guard	two_feature_and	reported_ani_median	>=	0.9623946	xny_max_mean	>=	403.5382411725516	38	27	-0.24826301865031733	0.0	27	0	-0.08625459604533302	0.0	3	0	-0.2948123346472518	27	0	0.0	0	0	0.9245655930149369	True
guarded_feature_allocator_a002_refined_guard	single	raw_mass_sum	>=	237.28166942796472				38	30	-0.24582537818892997	0.0	28	0	-0.10525224826710337	0.0	5	0	-0.29157633968087293	27	0	-0.0018202502319008551	1	0	0.9144171383762825	True
guarded_feature_allocator_a002_refined_guard	single	base_raw_mass	>=	237.28166942796472				38	30	-0.24582537818892997	0.0	28	0	-0.10525224826710337	0.0	5	0	-0.29157633968087293	27	0	-0.0018202502319008551	1	0	0.9144171383762825	True
guarded_feature_allocator_a002_refined_guard	two_feature_and	raw_mass_sum	>=	237.28166942796472	base_raw_mass	>=	237.28166942796472	38	30	-0.24582537818892997	0.0	28	0	-0.10525224826710337	0.0	5	0	-0.29157633968087293	27	0	-0.0018202502319008551	1	0	0.9144171383762825	True
guarded_feature_allocator_a002_refined_guard	two_feature_and	s_depth_median	>=	0.2939449	s_xny_median	>=	297.90000000000003	38	29	-0.24428963750468596	0.0	29	0	-0.0864088814820877	0.0	4	0	-0.28932070531169557	26	0	-0.004123942533968176	3	0	0.9073432080040724	True
guarded_feature_allocator_a002_refined_guard	two_feature_and	s_depth_median	>=	0.2939449	s_xny_mean	>=	403.5382411725516	38	29	-0.24428963750468596	0.0	29	0	-0.0864088814820877	0.0	4	0	-0.28932070531169557	26	0	-0.004123942533968176	3	0	0.9073432080040724	True
guarded_feature_allocator_a002_refined_guard	two_feature_and	s_depth_median	>=	0.2939449	xny_max_median	>=	297.90000000000003	38	29	-0.24428963750468596	0.0	29	0	-0.0864088814820877	0.0	4	0	-0.28932070531169557	26	0	-0.004123942533968176	3	0	0.9073432080040724	True
guarded_feature_allocator_a002_refined_guard	two_feature_and	s_depth_median	>=	0.2939449	xny_max_mean	>=	403.5382411725516	38	29	-0.24428963750468596	0.0	29	0	-0.0864088814820877	0.0	4	0	-0.28932070531169557	26	0	-0.004123942533968176	3	0	0.9073432080040724	True
guarded_feature_allocator_a002_refined_guard	single	u_xny_median	>=	133.4				38	30	-0.2430379701589991	0.0	30	0	-0.11148363814154501	0.0	5	0	-0.28816402852961254	27	0	-0.0023656588490609254	3	0	0.9037157357809961	True
guarded_feature_allocator_a002_refined_guard	single	u_breadth_median	>=	0.13340000000000002				38	30	-0.2430379701589991	0.0	30	0	-0.11148363814154501	0.0	5	0	-0.28816402852961254	27	0	-0.0023656588490609254	3	0	0.9037157357809961	True
guarded_feature_allocator_a002_refined_guard	two_feature_and	s_xny_median	>=	230.3	u_xny_median	>=	133.4	38	30	-0.2430379701589991	0.0	30	0	-0.11148363814154501	0.0	5	0	-0.28816402852961254	27	0	-0.0023656588490609254	3	0	0.9037157357809961	True
guarded_feature_allocator_a002_refined_guard	two_feature_and	s_xny_median	>=	230.3	u_breadth_median	>=	0.13340000000000002	38	30	-0.2430379701589991	0.0	30	0	-0.11148363814154501	0.0	5	0	-0.28816402852961254	27	0	-0.0023656588490609254	3	0	0.9037157357809961	True
guarded_feature_allocator_a002_refined_guard	two_feature_and	s_xny_mean	>=	345.7788366336634	u_xny_median	>=	133.4	38	30	-0.2430379701589991	0.0	30	0	-0.11148363814154501	0.0	5	0	-0.28816402852961254	27	0	-0.0023656588490609254	3	0	0.9037157357809961	True
guarded_feature_allocator_a002_refined_guard	two_feature_and	s_xny_mean	>=	345.7788366336634	u_breadth_median	>=	0.13340000000000002	38	30	-0.2430379701589991	0.0	30	0	-0.11148363814154501	0.0	5	0	-0.28816402852961254	27	0	-0.0023656588490609254	3	0	0.9037157357809961	True
guarded_feature_allocator_a002_refined_guard	two_feature_and	xny_max_median	>=	230.3	u_xny_median	>=	133.4	38	30	-0.2430379701589991	0.0	30	0	-0.11148363814154501	0.0	5	0	-0.28816402852961254	27	0	-0.0023656588490609254	3	0	0.9037157357809961	True
guarded_feature_allocator_a002_refined_guard	two_feature_and	xny_max_median	>=	230.3	u_breadth_median	>=	0.13340000000000002	38	30	-0.2430379701589991	0.0	30	0	-0.11148363814154501	0.0	5	0	-0.28816402852961254	27	0	-0.0023656588490609254	3	0	0.9037157357809961	True
guarded_feature_allocator_a002_refined_guard	two_feature_and	xny_max_mean	>=	345.7788366336634	u_xny_median	>=	133.4	38	30	-0.2430379701589991	0.0	30	0	-0.11148363814154501	0.0	5	0	-0.28816402852961254	27	0	-0.0023656588490609254	3	0	0.9037157357809961	True
guarded_feature_allocator_a002_refined_guard	two_feature_and	xny_max_mean	>=	345.7788366336634	u_breadth_median	>=	0.13340000000000002	38	30	-0.2430379701589991	0.0	30	0	-0.11148363814154501	0.0	5	0	-0.28816402852961254	27	0	-0.0023656588490609254	3	0	0.9037157357809961	True
guarded_feature_allocator_a002_refined_guard	two_feature_and	s_depth_median	>=	0.2253115	u_xny_median	>=	133.4	38	30	-0.2430379701589991	0.0	30	0	-0.11148363814154501	0.0	5	0	-0.28816402852961254	27	0	-0.0023656588490609254	3	0	0.9037157357809961	True
guarded_feature_allocator_a002_refined_guard	two_feature_and	s_depth_median	>=	0.2253115	u_breadth_median	>=	0.13340000000000002	38	30	-0.2430379701589991	0.0	30	0	-0.11148363814154501	0.0	5	0	-0.28816402852961254	27	0	-0.0023656588490609254	3	0	0.9037157357809961	True
guarded_feature_allocator_a002_refined_guard	two_feature_and	u_depth_median	>=	0.12905	u_xny_median	>=	133.4	38	30	-0.2430379701589991	0.0	30	0	-0.11148363814154501	0.0	5	0	-0.28816402852961254	27	0	-0.0023656588490609254	3	0	0.9037157357809961	True
guarded_feature_allocator_a002_refined_guard	two_feature_and	u_depth_median	>=	0.12905	u_breadth_median	>=	0.13340000000000002	38	30	-0.2430379701589991	0.0	30	0	-0.11148363814154501	0.0	5	0	-0.28816402852961254	27	0	-0.0023656588490609254	3	0	0.9037157357809961	True
guarded_feature_allocator_a002_refined_guard	two_feature_and	s_breadth_median	>=	0.11932904999999999	u_xny_median	>=	133.4	38	30	-0.2430379701589991	0.0	30	0	-0.11148363814154501	0.0	5	0	-0.28816402852961254	27	0	-0.0023656588490609254	3	0	0.9037157357809961	True
guarded_feature_allocator_a002_refined_guard	two_feature_and	s_breadth_median	>=	0.11932904999999999	u_breadth_median	>=	0.13340000000000002	38	30	-0.2430379701589991	0.0	30	0	-0.11148363814154501	0.0	5	0	-0.28816402852961254	27	0	-0.0023656588490609254	3	0	0.9037157357809961	True
guarded_feature_allocator_a002_refined_guard	two_feature_and	u_xny_median	>=	133.4	u_breadth_median	>=	0.13340000000000002	38	30	-0.2430379701589991	0.0	30	0	-0.11148363814154501	0.0	5	0	-0.28816402852961254	27	0	-0.0023656588490609254	3	0	0.9037157357809961	True
guarded_feature_allocator_a002_refined_guard	two_feature_and	s_breadth_median	>=	0.187603	u_xny_median	>=	133.4	38	28	-0.24275452823113208	0.0	28	0	-0.1108852607382701	0.0	4	0	-0.28816402852961254	27	0	-0.0005705266392361982	1	0	0.9037157357809961	True
guarded_feature_allocator_a002_refined_guard	two_feature_and	s_breadth_median	>=	0.187603	u_breadth_median	>=	0.13340000000000002	38	28	-0.24275452823113208	0.0	28	0	-0.1108852607382701	0.0	4	0	-0.28816402852961254	27	0	-0.0005705266392361982	1	0	0.9037157357809961	True
guarded_feature_allocator_a002_refined_guard	two_feature_and	reported_ani_median	>=	0.9623946	u_xny_median	>=	133.4	38	27	-0.24266444507756846	0.0	27	0	-0.11069508519185804	0.0	3	0	-0.28816402852961254	27	0	0.0	0	0	0.9037157357809961	True
guarded_feature_allocator_a002_refined_guard	two_feature_and	reported_ani_median	>=	0.9623946	u_breadth_median	>=	0.13340000000000002	38	27	-0.24266444507756846	0.0	27	0	-0.11069508519185804	0.0	3	0	-0.28816402852961254	27	0	0.0	0	0	0.9037157357809961	True
guarded_feature_allocator_a002_refined_guard	two_feature_and	s_xny_median	>=	230.3	raw_mass_sum	>=	237.28166942796472	38	28	-0.2396005778140944	0.0	27	0	-0.09211100303133946	0.0	4	0	-0.28418438923575573	26	0	-0.0018202502319008551	1	0	0.8912351264872473	True
guarded_feature_allocator_a002_refined_guard	two_feature_and	s_xny_median	>=	230.3	base_raw_mass	>=	237.28166942796472	38	28	-0.2396005778140944	0.0	27	0	-0.09211100303133946	0.0	4	0	-0.28418438923575573	26	0	-0.0018202502319008551	1	0	0.8912351264872473	True
guarded_feature_allocator_a002_refined_guard	two_feature_and	s_xny_mean	>=	345.7788366336634	raw_mass_sum	>=	237.28166942796472	38	28	-0.2396005778140944	0.0	27	0	-0.09211100303133946	0.0	4	0	-0.28418438923575573	26	0	-0.0018202502319008551	1	0	0.8912351264872473	True
guarded_feature_allocator_a002_refined_guard	two_feature_and	s_xny_mean	>=	345.7788366336634	base_raw_mass	>=	237.28166942796472	38	28	-0.2396005778140944	0.0	27	0	-0.09211100303133946	0.0	4	0	-0.28418438923575573	26	0	-0.0018202502319008551	1	0	0.8912351264872473	True
guarded_feature_allocator_a002_refined_guard	two_feature_and	xny_max_median	>=	230.3	raw_mass_sum	>=	237.28166942796472	38	28	-0.2396005778140944	0.0	27	0	-0.09211100303133946	0.0	4	0	-0.28418438923575573	26	0	-0.0018202502319008551	1	0	0.8912351264872473	True
guarded_feature_allocator_a002_refined_guard	two_feature_and	xny_max_median	>=	230.3	base_raw_mass	>=	237.28166942796472	38	28	-0.2396005778140944	0.0	27	0	-0.09211100303133946	0.0	4	0	-0.28418438923575573	26	0	-0.0018202502319008551	1	0	0.8912351264872473	True
guarded_feature_allocator_a002_refined_guard	two_feature_and	xny_max_mean	>=	345.7788366336634	raw_mass_sum	>=	237.28166942796472	38	28	-0.2396005778140944	0.0	27	0	-0.09211100303133946	0.0	4	0	-0.28418438923575573	26	0	-0.0018202502319008551	1	0	0.8912351264872473	True
guarded_feature_allocator_a002_refined_guard	two_feature_and	xny_max_mean	>=	345.7788366336634	base_raw_mass	>=	237.28166942796472	38	28	-0.2396005778140944	0.0	27	0	-0.09211100303133946	0.0	4	0	-0.28418438923575573	26	0	-0.0018202502319008551	1	0	0.8912351264872473	True
guarded_feature_allocator_a002_refined_guard	two_feature_and	s_depth_median	>=	0.2253115	raw_mass_sum	>=	237.28166942796472	38	28	-0.2396005778140944	0.0	27	0	-0.09211100303133946	0.0	4	0	-0.28418438923575573	26	0	-0.0018202502319008551	1	0	0.8912351264872473	True
guarded_feature_allocator_a002_refined_guard	two_feature_and	s_depth_median	>=	0.2253115	base_raw_mass	>=	237.28166942796472	38	28	-0.2396005778140944	0.0	27	0	-0.09211100303133946	0.0	4	0	-0.28418438923575573	26	0	-0.0018202502319008551	1	0	0.8912351264872473	True
guarded_feature_allocator_a002_refined_guard	two_feature_and	u_depth_median	>=	0.12905	raw_mass_sum	>=	237.28166942796472	38	28	-0.2396005778140944	0.0	27	0	-0.09211100303133946	0.0	4	0	-0.28418438923575573	26	0	-0.0018202502319008551	1	0	0.8912351264872473	True
guarded_feature_allocator_a002_refined_guard	two_feature_and	u_depth_median	>=	0.12905	base_raw_mass	>=	237.28166942796472	38	28	-0.2396005778140944	0.0	27	0	-0.09211100303133946	0.0	4	0	-0.28418438923575573	26	0	-0.0018202502319008551	1	0	0.8912351264872473	True
guarded_feature_allocator_a002_refined_guard	two_feature_and	s_breadth_median	>=	0.11932904999999999	raw_mass_sum	>=	237.28166942796472	38	28	-0.23931316988274168	0.0	26	0	-0.09150425295403918	0.0	3	0	-0.28418438923575573	26	0	0.0	0	0	0.8912351264872473	True
guarded_feature_allocator_a002_refined_guard	two_feature_and	s_breadth_median	>=	0.11932904999999999	base_raw_mass	>=	237.28166942796472	38	28	-0.23931316988274168	0.0	26	0	-0.09150425295403918	0.0	3	0	-0.28418438923575573	26	0	0.0	0	0	0.8912351264872473	True
guarded_feature_allocator_a002_refined_guard	two_feature_and	s_breadth_median	>=	0.187603	raw_mass_sum	>=	237.28166942796472	38	26	-0.23931316988274168	0.0	26	0	-0.09150425295403918	0.0	3	0	-0.28418438923575573	26	0	0.0	0	0	0.8912351264872473	True
guarded_feature_allocator_a002_refined_guard	two_feature_and	s_breadth_median	>=	0.187603	base_raw_mass	>=	237.28166942796472	38	26	-0.23931316988274168	0.0	26	0	-0.09150425295403918	0.0	3	0	-0.28418438923575573	26	0	0.0	0	0	0.8912351264872473	True
guarded_feature_allocator_a002_refined_guard	two_feature_and	reported_ani_median	>=	0.9623946	raw_mass_sum	>=	237.28166942796472	38	27	-0.23931316988274168	0.0	26	0	-0.09150425295403918	0.0	3	0	-0.28418438923575573	26	0	0.0	0	0	0.8912351264872473	True
guarded_feature_allocator_a002_refined_guard	two_feature_and	reported_ani_median	>=	0.9623946	base_raw_mass	>=	237.28166942796472	38	27	-0.23931316988274168	0.0	26	0	-0.09150425295403918	0.0	3	0	-0.28418438923575573	26	0	0.0	0	0	0.8912351264872473	True
guarded_feature_allocator_a002_refined_guard	single	u_depth_median	>=	0.201				38	30	-0.23854528417915047	0.0	30	0	-0.11082897454783382	0.0	5	0	-0.2824876670100609	26	0	-0.0041859090809617805	4	0	0.8859140092664968	True
guarded_feature_allocator_a002_refined_guard	two_feature_and	s_xny_median	>=	230.3	u_depth_median	>=	0.201	38	30	-0.23854528417915047	0.0	30	0	-0.11082897454783382	0.0	5	0	-0.2824876670100609	26	0	-0.0041859090809617805	4	0	0.8859140092664968	True
guarded_feature_allocator_a002_refined_guard	two_feature_and	s_xny_mean	>=	345.7788366336634	u_depth_median	>=	0.201	38	30	-0.23854528417915047	0.0	30	0	-0.11082897454783382	0.0	5	0	-0.2824876670100609	26	0	-0.0041859090809617805	4	0	0.8859140092664968	True
guarded_feature_allocator_a002_refined_guard	two_feature_and	xny_max_median	>=	230.3	u_depth_median	>=	0.201	38	30	-0.23854528417915047	0.0	30	0	-0.11082897454783382	0.0	5	0	-0.2824876670100609	26	0	-0.0041859090809617805	4	0	0.8859140092664968	True
guarded_feature_allocator_a002_refined_guard	two_feature_and	xny_max_mean	>=	345.7788366336634	u_depth_median	>=	0.201	38	30	-0.23854528417915047	0.0	30	0	-0.11082897454783382	0.0	5	0	-0.2824876670100609	26	0	-0.0041859090809617805	4	0	0.8859140092664968	True
guarded_feature_allocator_a002_refined_guard	two_feature_and	s_depth_median	>=	0.2253115	u_depth_median	>=	0.201	38	30	-0.23854528417915047	0.0	30	0	-0.11082897454783382	0.0	5	0	-0.2824876670100609	26	0	-0.0041859090809617805	4	0	0.8859140092664968	True
guarded_feature_allocator_a002_refined_guard	two_feature_and	s_breadth_median	>=	0.11932904999999999	u_depth_median	>=	0.201	38	29	-0.23825787624779773	0.0	29	0	-0.11022222447053354	0.0	5	0	-0.2824876670100609	26	0	-0.0023656588490609254	3	0	0.8859140092664968	True
guarded_feature_allocator_a002_refined_guard	two_feature_and	u_xny_median	>=	133.4	u_depth_median	>=	0.201	38	29	-0.23825787624779773	0.0	29	0	-0.11022222447053354	0.0	5	0	-0.2824876670100609	26	0	-0.0023656588490609254	3	0	0.8859140092664968	True
guarded_feature_allocator_a002_refined_guard	two_feature_and	u_breadth_median	>=	0.13340000000000002	u_depth_median	>=	0.201	38	29	-0.23825787624779773	0.0	29	0	-0.11022222447053354	0.0	5	0	-0.2824876670100609	26	0	-0.0023656588490609254	3	0	0.8859140092664968	True
guarded_feature_allocator_a002_refined_guard	two_feature_and	s_breadth_median	>=	0.187603	u_depth_median	>=	0.201	38	27	-0.23797443431993068	0.0	27	0	-0.10962384706725863	0.0	4	0	-0.2824876670100609	26	0	-0.0005705266392361982	1	0	0.8859140092664968	True
guarded_feature_allocator_a002_refined_guard	two_feature_and	reported_ani_median	>=	0.9623946	u_depth_median	>=	0.201	38	26	-0.23788435116636708	0.0	26	0	-0.10943367152084656	0.0	3	0	-0.2824876670100609	26	0	0.0	0	0	0.8859140092664968	True
guarded_feature_allocator_a002_refined_guard	two_feature_and	s_depth_median	>=	0.2939449	raw_mass_sum	>=	237.28166942796472	38	26	-0.23226200475167982	0.0	26	0	-0.07661845989957533	0.0	4	0	-0.2754698337241384	25	0	-0.0018202502319008551	1	0	0.8639052720763027	True
guarded_feature_allocator_a002_refined_guard	two_feature_and	s_depth_median	>=	0.2939449	base_raw_mass	>=	237.28166942796472	38	26	-0.23226200475167982	0.0	26	0	-0.07661845989957533	0.0	4	0	-0.2754698337241384	25	0	-0.0018202502319008551	1	0	0.8639052720763027	True
guarded_feature_allocator_a002_refined_guard	two_feature_and	s_depth_median	>=	0.2939449	u_xny_median	>=	133.4	38	27	-0.23106508293816977	0.0	27	0	-0.09475007741954831	0.0	4	0	-0.273957843682439	25	0	-0.002303692302067321	2	0	0.8591634963591871	True
guarded_feature_allocator_a002_refined_guard	two_feature_and	s_depth_median	>=	0.2939449	u_breadth_median	>=	0.13340000000000002	38	27	-0.23106508293816977	0.0	27	0	-0.09475007741954831	0.0	4	0	-0.273957843682439	25	0	-0.002303692302067321	2	0	0.8591634963591871	True
guarded_feature_allocator_a002_refined_guard	single	u_xny_median	>=	197.2				38	26	-0.23063586125751612	0.0	26	0	-0.0941313039354945	0.0	4	0	-0.2737731114984436	25	0	-0.0005705266392361982	1	0	0.8585841548555522	True
guarded_feature_allocator_a002_refined_guard	single	u_breadth_median	>=	0.19720000000000001				38	26	-0.23063586125751612	0.0	26	0	-0.0941313039354945	0.0	4	0	-0.2737731114984436	25	0	-0.0005705266392361982	1	0	0.8585841548555522	True
guarded_feature_allocator_a002_refined_guard	two_feature_and	s_xny_median	>=	230.3	u_xny_median	>=	197.2	38	26	-0.23063586125751612	0.0	26	0	-0.0941313039354945	0.0	4	0	-0.2737731114984436	25	0	-0.0005705266392361982	1	0	0.8585841548555522	True
guarded_feature_allocator_a002_refined_guard	two_feature_and	s_xny_median	>=	230.3	u_breadth_median	>=	0.19720000000000001	38	26	-0.23063586125751612	0.0	26	0	-0.0941313039354945	0.0	4	0	-0.2737731114984436	25	0	-0.0005705266392361982	1	0	0.8585841548555522	True
guarded_feature_allocator_a002_refined_guard	two_feature_and	s_xny_mean	>=	345.7788366336634	u_xny_median	>=	197.2	38	26	-0.23063586125751612	0.0	26	0	-0.0941313039354945	0.0	4	0	-0.2737731114984436	25	0	-0.0005705266392361982	1	0	0.8585841548555522	True
guarded_feature_allocator_a002_refined_guard	two_feature_and	s_xny_mean	>=	345.7788366336634	u_breadth_median	>=	0.19720000000000001	38	26	-0.23063586125751612	0.0	26	0	-0.0941313039354945	0.0	4	0	-0.2737731114984436	25	0	-0.0005705266392361982	1	0	0.8585841548555522	True
guarded_feature_allocator_a002_refined_guard	two_feature_and	xny_max_median	>=	230.3	u_xny_median	>=	197.2	38	26	-0.23063586125751612	0.0	26	0	-0.0941313039354945	0.0	4	0	-0.2737731114984436	25	0	-0.0005705266392361982	1	0	0.8585841548555522	True
guarded_feature_allocator_a002_refined_guard	two_feature_and	xny_max_median	>=	230.3	u_breadth_median	>=	0.19720000000000001	38	26	-0.23063586125751612	0.0	26	0	-0.0941313039354945	0.0	4	0	-0.2737731114984436	25	0	-0.0005705266392361982	1	0	0.8585841548555522	True
guarded_feature_allocator_a002_refined_guard	two_feature_and	xny_max_mean	>=	345.7788366336634	u_xny_median	>=	197.2	38	26	-0.23063586125751612	0.0	26	0	-0.0941313039354945	0.0	4	0	-0.2737731114984436	25	0	-0.0005705266392361982	1	0	0.8585841548555522	True
guarded_feature_allocator_a002_refined_guard	two_feature_and	xny_max_mean	>=	345.7788366336634	u_breadth_median	>=	0.19720000000000001	38	26	-0.23063586125751612	0.0	26	0	-0.0941313039354945	0.0	4	0	-0.2737731114984436	25	0	-0.0005705266392361982	1	0	0.8585841548555522	True
guarded_feature_allocator_a002_refined_guard	two_feature_and	s_depth_median	>=	0.2253115	u_xny_median	>=	197.2	38	26	-0.23063586125751612	0.0	26	0	-0.0941313039354945	0.0	4	0	-0.2737731114984436	25	0	-0.0005705266392361982	1	0	0.8585841548555522	True
guarded_feature_allocator_a002_refined_guard	two_feature_and	s_depth_median	>=	0.2253115	u_breadth_median	>=	0.19720000000000001	38	26	-0.23063586125751612	0.0	26	0	-0.0941313039354945	0.0	4	0	-0.2737731114984436	25	0	-0.0005705266392361982	1	0	0.8585841548555522	True
guarded_feature_allocator_a002_refined_guard	two_feature_and	u_depth_median	>=	0.12905	u_xny_median	>=	197.2	38	26	-0.23063586125751612	0.0	26	0	-0.0941313039354945	0.0	4	0	-0.2737731114984436	25	0	-0.0005705266392361982	1	0	0.8585841548555522	True
guarded_feature_allocator_a002_refined_guard	two_feature_and	u_depth_median	>=	0.12905	u_breadth_median	>=	0.19720000000000001	38	26	-0.23063586125751612	0.0	26	0	-0.0941313039354945	0.0	4	0	-0.2737731114984436	25	0	-0.0005705266392361982	1	0	0.8585841548555522	True
guarded_feature_allocator_a002_refined_guard	two_feature_and	s_breadth_median	>=	0.11932904999999999	u_xny_median	>=	197.2	38	26	-0.23063586125751612	0.0	26	0	-0.0941313039354945	0.0	4	0	-0.2737731114984436	25	0	-0.0005705266392361982	1	0	0.8585841548555522	True
guarded_feature_allocator_a002_refined_guard	two_feature_and	s_breadth_median	>=	0.11932904999999999	u_breadth_median	>=	0.19720000000000001	38	26	-0.23063586125751612	0.0	26	0	-0.0941313039354945	0.0	4	0	-0.2737731114984436	25	0	-0.0005705266392361982	1	0	0.8585841548555522	True
guarded_feature_allocator_a002_refined_guard	two_feature_and	s_breadth_median	>=	0.187603	u_xny_median	>=	197.2	38	26	-0.23063586125751612	0.0	26	0	-0.0941313039354945	0.0	4	0	-0.2737731114984436	25	0	-0.0005705266392361982	1	0	0.8585841548555522	True
guarded_feature_allocator_a002_refined_guard	two_feature_and	s_breadth_median	>=	0.187603	u_breadth_median	>=	0.19720000000000001	38	26	-0.23063586125751612	0.0	26	0	-0.0941313039354945	0.0	4	0	-0.2737731114984436	25	0	-0.0005705266392361982	1	0	0.8585841548555522	True
guarded_feature_allocator_a002_refined_guard	two_feature_and	u_xny_median	>=	133.4	u_breadth_median	>=	0.19720000000000001	38	26	-0.23063586125751612	0.0	26	0	-0.0941313039354945	0.0	4	0	-0.2737731114984436	25	0	-0.0005705266392361982	1	0	0.8585841548555522	True
guarded_feature_allocator_a002_refined_guard	two_feature_and	u_breadth_median	>=	0.13340000000000002	u_xny_median	>=	197.2	38	26	-0.23063586125751612	0.0	26	0	-0.0941313039354945	0.0	4	0	-0.2737731114984436	25	0	-0.0005705266392361982	1	0	0.8585841548555522	True
guarded_feature_allocator_a002_refined_guard	two_feature_and	u_depth_median	>=	0.201	u_xny_median	>=	197.2	38	26	-0.23063586125751612	0.0	26	0	-0.0941313039354945	0.0	4	0	-0.2737731114984436	25	0	-0.0005705266392361982	1	0	0.8585841548555522	True
guarded_feature_allocator_a002_refined_guard	two_feature_and	u_depth_median	>=	0.201	u_breadth_median	>=	0.19720000000000001	38	26	-0.23063586125751612	0.0	26	0	-0.0941313039354945	0.0	4	0	-0.2737731114984436	25	0	-0.0005705266392361982	1	0	0.8585841548555522	True
guarded_feature_allocator_a002_refined_guard	two_feature_and	u_xny_median	>=	197.2	u_breadth_median	>=	0.19720000000000001	38	26	-0.23063586125751612	0.0	26	0	-0.0941313039354945	0.0	4	0	-0.2737731114984436	25	0	-0.0005705266392361982	1	0	0.8585841548555522	True
guarded_feature_allocator_a002_refined_guard	two_feature_and	reported_ani_median	>=	0.9623946	u_xny_median	>=	197.2	38	25	-0.2305457781039525	0.0	25	0	-0.09394112838908243	0.0	3	0	-0.2737731114984436	25	0	0.0	0	0	0.8585841548555522	True
guarded_feature_allocator_a002_refined_guard	two_feature_and	reported_ani_median	>=	0.9623946	u_breadth_median	>=	0.19720000000000001	38	25	-0.2305457781039525	0.0	25	0	-0.09394112838908243	0.0	3	0	-0.2737731114984436	25	0	0.0	0	0	0.8585841548555522	True
guarded_feature_allocator_a002_refined_guard	two_feature_and	s_xny_median	>=	297.90000000000003	u_xny_median	>=	133.4	38	27	-0.22899744824983448	0.0	27	0	-0.08184253633330855	0.0	4	0	-0.27150252749004083	25	0	-0.002303692302067321	2	0	0.8514633406849682	True
guarded_feature_allocator_a002_refined_guard	two_feature_and	s_xny_median	>=	297.90000000000003	u_breadth_median	>=	0.13340000000000002	38	27	-0.22899744824983448	0.0	27	0	-0.08184253633330855	0.0	4	0	-0.27150252749004083	25	0	-0.002303692302067321	2	0	0.8514633406849682	True
guarded_feature_allocator_a002_refined_guard	two_feature_and	s_xny_mean	>=	403.5382411725516	u_xny_median	>=	133.4	38	27	-0.22899744824983448	0.0	27	0	-0.08184253633330855	0.0	4	0	-0.27150252749004083	25	0	-0.002303692302067321	2	0	0.8514633406849682	True
guarded_feature_allocator_a002_refined_guard	two_feature_and	s_xny_mean	>=	403.5382411725516	u_breadth_median	>=	0.13340000000000002	38	27	-0.22899744824983448	0.0	27	0	-0.08184253633330855	0.0	4	0	-0.27150252749004083	25	0	-0.002303692302067321	2	0	0.8514633406849682	True
guarded_feature_allocator_a002_refined_guard	two_feature_and	xny_max_median	>=	297.90000000000003	u_xny_median	>=	133.4	38	27	-0.22899744824983448	0.0	27	0	-0.08184253633330855	0.0	4	0	-0.27150252749004083	25	0	-0.002303692302067321	2	0	0.8514633406849682	True
guarded_feature_allocator_a002_refined_guard	two_feature_and	xny_max_median	>=	297.90000000000003	u_breadth_median	>=	0.13340000000000002	38	27	-0.22899744824983448	0.0	27	0	-0.08184253633330855	0.0	4	0	-0.27150252749004083	25	0	-0.002303692302067321	2	0	0.8514633406849682	True
guarded_feature_allocator_a002_refined_guard	two_feature_and	xny_max_mean	>=	403.5382411725516	u_xny_median	>=	133.4	38	27	-0.22899744824983448	0.0	27	0	-0.08184253633330855	0.0	4	0	-0.27150252749004083	25	0	-0.002303692302067321	2	0	0.8514633406849682	True
guarded_feature_allocator_a002_refined_guard	two_feature_and	xny_max_mean	>=	403.5382411725516	u_breadth_median	>=	0.13340000000000002	38	27	-0.22899744824983448	0.0	27	0	-0.08184253633330855	0.0	4	0	-0.27150252749004083	25	0	-0.002303692302067321	2	0	0.8514633406849682	True
guarded_feature_allocator_a002_refined_guard	single	s_breadth_median	>=	0.24684294999999998				38	26	-0.228723790513598	0.0	26	0	-0.08126481444569819	0.0	4	0	-0.27150252749004083	25	0	-0.0005705266392361982	1	0	0.8514633406849682	True
guarded_feature_allocator_a002_refined_guard	two_feature_and	s_xny_median	>=	230.3	s_breadth_median	>=	0.24684294999999998	38	26	-0.228723790513598	0.0	26	0	-0.08126481444569819	0.0	4	0	-0.27150252749004083	25	0	-0.0005705266392361982	1	0	0.8514633406849682	True
guarded_feature_allocator_a002_refined_guard	two_feature_and	s_xny_mean	>=	345.7788366336634	s_breadth_median	>=	0.24684294999999998	38	26	-0.228723790513598	0.0	26	0	-0.08126481444569819	0.0	4	0	-0.27150252749004083	25	0	-0.0005705266392361982	1	0	0.8514633406849682	True
guarded_feature_allocator_a002_refined_guard	two_feature_and	xny_max_median	>=	230.3	s_breadth_median	>=	0.24684294999999998	38	26	-0.228723790513598	0.0	26	0	-0.08126481444569819	0.0	4	0	-0.27150252749004083	25	0	-0.0005705266392361982	1	0	0.8514633406849682	True
guarded_feature_allocator_a002_refined_guard	two_feature_and	xny_max_mean	>=	345.7788366336634	s_breadth_median	>=	0.24684294999999998	38	26	-0.228723790513598	0.0	26	0	-0.08126481444569819	0.0	4	0	-0.27150252749004083	25	0	-0.0005705266392361982	1	0	0.8514633406849682	True
guarded_feature_allocator_a002_refined_guard	two_feature_and	s_depth_median	>=	0.2253115	s_breadth_median	>=	0.24684294999999998	38	26	-0.228723790513598	0.0	26	0	-0.08126481444569819	0.0	4	0	-0.27150252749004083	25	0	-0.0005705266392361982	1	0	0.8514633406849682	True
guarded_feature_allocator_a002_refined_guard	two_feature_and	u_depth_median	>=	0.12905	s_breadth_median	>=	0.24684294999999998	38	26	-0.228723790513598	0.0	26	0	-0.08126481444569819	0.0	4	0	-0.27150252749004083	25	0	-0.0005705266392361982	1	0	0.8514633406849682	True
guarded_feature_allocator_a002_refined_guard	two_feature_and	s_xny_median	>=	297.90000000000003	s_breadth_median	>=	0.24684294999999998	38	26	-0.228723790513598	0.0	26	0	-0.08126481444569819	0.0	4	0	-0.27150252749004083	25	0	-0.0005705266392361982	1	0	0.8514633406849682	True
guarded_feature_allocator_a002_refined_guard	two_feature_and	s_xny_mean	>=	403.5382411725516	s_breadth_median	>=	0.24684294999999998	38	26	-0.228723790513598	0.0	26	0	-0.08126481444569819	0.0	4	0	-0.27150252749004083	25	0	-0.0005705266392361982	1	0	0.8514633406849682	True
guarded_feature_allocator_a002_refined_guard	two_feature_and	xny_max_median	>=	297.90000000000003	s_breadth_median	>=	0.24684294999999998	38	26	-0.228723790513598	0.0	26	0	-0.08126481444569819	0.0	4	0	-0.27150252749004083	25	0	-0.0005705266392361982	1	0	0.8514633406849682	True
guarded_feature_allocator_a002_refined_guard	two_feature_and	xny_max_mean	>=	403.5382411725516	s_breadth_median	>=	0.24684294999999998	38	26	-0.228723790513598	0.0	26	0	-0.08126481444569819	0.0	4	0	-0.27150252749004083	25	0	-0.0005705266392361982	1	0	0.8514633406849682	True
guarded_feature_allocator_a002_refined_guard	two_feature_and	u_xny_median	>=	133.4	s_breadth_median	>=	0.24684294999999998	38	26	-0.228723790513598	0.0	26	0	-0.08126481444569819	0.0	4	0	-0.27150252749004083	25	0	-0.0005705266392361982	1	0	0.8514633406849682	True
guarded_feature_allocator_a002_refined_guard	two_feature_and	u_breadth_median	>=	0.13340000000000002	s_breadth_median	>=	0.24684294999999998	38	26	-0.228723790513598	0.0	26	0	-0.08126481444569819	0.0	4	0	-0.27150252749004083	25	0	-0.0005705266392361982	1	0	0.8514633406849682	True
guarded_feature_allocator_a002_refined_guard	two_feature_and	reported_ani_median	>=	0.9623946	s_breadth_median	>=	0.24684294999999998	38	25	-0.22863370736003438	0.0	25	0	-0.08107463889928612	0.0	3	0	-0.27150252749004083	25	0	0.0	0	0	0.8514633406849682	True
guarded_feature_allocator_a002_refined_guard	two_feature_and	s_depth_median	>=	0.2939449	u_depth_median	>=	0.201	38	27	-0.22657239695832113	0.0	27	0	-0.09409541382583712	0.0	4	0	-0.26828148216288733	24	0	-0.004123942533968176	3	0	0.8413617698446877	True
guarded_feature_allocator_a002_refined_guard	single	reported_ani_median	>=	0.97873385				38	26	-0.22636288934601742	0.0	26	0	-0.10639328576269873	0.0	3	0	-0.2688059310983957	26	0	0.0	0	0	0.8430065023883396	True
guarded_feature_allocator_a002_refined_guard	two_feature_and	s_xny_median	>=	230.3	reported_ani_median	>=	0.97873385	38	26	-0.22636288934601742	0.0	26	0	-0.10639328576269873	0.0	3	0	-0.2688059310983957	26	0	0.0	0	0	0.8430065023883396	True
guarded_feature_allocator_a002_refined_guard	two_feature_and	s_xny_mean	>=	345.7788366336634	reported_ani_median	>=	0.97873385	38	26	-0.22636288934601742	0.0	26	0	-0.10639328576269873	0.0	3	0	-0.2688059310983957	26	0	0.0	0	0	0.8430065023883396	True
guarded_feature_allocator_a002_refined_guard	two_feature_and	xny_max_median	>=	230.3	reported_ani_median	>=	0.97873385	38	26	-0.22636288934601742	0.0	26	0	-0.10639328576269873	0.0	3	0	-0.2688059310983957	26	0	0.0	0	0	0.8430065023883396	True
guarded_feature_allocator_a002_refined_guard	two_feature_and	xny_max_mean	>=	345.7788366336634	reported_ani_median	>=	0.97873385	38	26	-0.22636288934601742	0.0	26	0	-0.10639328576269873	0.0	3	0	-0.2688059310983957	26	0	0.0	0	0	0.8430065023883396	True
guarded_feature_allocator_a002_refined_guard	two_feature_and	s_depth_median	>=	0.2253115	reported_ani_median	>=	0.97873385	38	26	-0.22636288934601742	0.0	26	0	-0.10639328576269873	0.0	3	0	-0.2688059310983957	26	0	0.0	0	0	0.8430065023883396	True
guarded_feature_allocator_a002_refined_guard	two_feature_and	u_depth_median	>=	0.12905	reported_ani_median	>=	0.97873385	38	26	-0.22636288934601742	0.0	26	0	-0.10639328576269873	0.0	3	0	-0.2688059310983957	26	0	0.0	0	0	0.8430065023883396	True
guarded_feature_allocator_a002_refined_guard	two_feature_and	s_breadth_median	>=	0.11932904999999999	reported_ani_median	>=	0.97873385	38	26	-0.22636288934601742	0.0	26	0	-0.10639328576269873	0.0	3	0	-0.2688059310983957	26	0	0.0	0	0	0.8430065023883396	True
guarded_feature_allocator_a002_refined_guard	two_feature_and	s_breadth_median	>=	0.187603	reported_ani_median	>=	0.97873385	38	26	-0.22636288934601742	0.0	26	0	-0.10639328576269873	0.0	3	0	-0.2688059310983957	26	0	0.0	0	0	0.8430065023883396	True
guarded_feature_allocator_a002_refined_guard	single	u_depth_median	>=	0.25335				38	26	-0.22629873922208465	0.0	26	0	-0.09351769193822673	0.0	4	0	-0.26828148216288733	24	0	-0.0023907768711370534	2	0	0.8413617698446877	True
guarded_feature_allocator_a002_refined_guard	two_feature_and	s_xny_median	>=	230.3	u_depth_median	>=	0.25335	38	26	-0.22629873922208465	0.0	26	0	-0.09351769193822673	0.0	4	0	-0.26828148216288733	24	0	-0.0023907768711370534	2	0	0.8413617698446877	True
guarded_feature_allocator_a002_refined_guard	two_feature_and	s_xny_mean	>=	345.7788366336634	u_depth_median	>=	0.25335	38	26	-0.22629873922208465	0.0	26	0	-0.09351769193822673	0.0	4	0	-0.26828148216288733	24	0	-0.0023907768711370534	2	0	0.8413617698446877	True
guarded_feature_allocator_a002_refined_guard	two_feature_and	xny_max_median	>=	230.3	u_depth_median	>=	0.25335	38	26	-0.22629873922208465	0.0	26	0	-0.09351769193822673	0.0	4	0	-0.26828148216288733	24	0	-0.0023907768711370534	2	0	0.8413617698446877	True
guarded_feature_allocator_a002_refined_guard	two_feature_and	xny_max_mean	>=	345.7788366336634	u_depth_median	>=	0.25335	38	26	-0.22629873922208465	0.0	26	0	-0.09351769193822673	0.0	4	0	-0.26828148216288733	24	0	-0.0023907768711370534	2	0	0.8413617698446877	True
guarded_feature_allocator_a002_refined_guard	two_feature_and	s_depth_median	>=	0.2253115	u_depth_median	>=	0.25335	38	26	-0.22629873922208465	0.0	26	0	-0.09351769193822673	0.0	4	0	-0.26828148216288733	24	0	-0.0023907768711370534	2	0	0.8413617698446877	True
guarded_feature_allocator_a002_refined_guard	two_feature_and	s_depth_median	>=	0.2939449	u_depth_median	>=	0.25335	38	26	-0.22629873922208465	0.0	26	0	-0.09351769193822673	0.0	4	0	-0.26828148216288733	24	0	-0.0023907768711370534	2	0	0.8413617698446877	True
guarded_feature_allocator_a002_refined_guard	two_feature_and	s_breadth_median	>=	0.11932904999999999	u_depth_median	>=	0.25335	38	25	-0.2260113312907319	0.0	25	0	-0.09291094186092645	0.0	4	0	-0.26828148216288733	24	0	-0.0005705266392361982	1	0	0.8413617698446877	True
guarded_feature_allocator_a002_refined_guard	two_feature_and	s_breadth_median	>=	0.187603	u_depth_median	>=	0.25335	38	25	-0.2260113312907319	0.0	25	0	-0.09291094186092645	0.0	4	0	-0.26828148216288733	24	0	-0.0005705266392361982	1	0	0.8413617698446877	True
guarded_feature_allocator_a002_refined_guard	two_feature_and	s_depth_median	>=	0.2939449	u_xny_median	>=	197.2	38	25	-0.2260113312907319	0.0	25	0	-0.09291094186092645	0.0	4	0	-0.26828148216288733	24	0	-0.0005705266392361982	1	0	0.8413617698446877	True
guarded_feature_allocator_a002_refined_guard	two_feature_and	s_depth_median	>=	0.2939449	u_breadth_median	>=	0.19720000000000001	38	25	-0.2260113312907319	0.0	25	0	-0.09291094186092645	0.0	4	0	-0.26828148216288733	24	0	-0.0005705266392361982	1	0	0.8413617698446877	True
guarded_feature_allocator_a002_refined_guard	two_feature_and	u_xny_median	>=	133.4	u_depth_median	>=	0.25335	38	25	-0.2260113312907319	0.0	25	0	-0.09291094186092645	0.0	4	0	-0.26828148216288733	24	0	-0.0005705266392361982	1	0	0.8413617698446877	True
guarded_feature_allocator_a002_refined_guard	two_feature_and	u_breadth_median	>=	0.13340000000000002	u_depth_median	>=	0.25335	38	25	-0.2260113312907319	0.0	25	0	-0.09291094186092645	0.0	4	0	-0.26828148216288733	24	0	-0.0005705266392361982	1	0	0.8413617698446877	True
guarded_feature_allocator_a002_refined_guard	two_feature_and	u_xny_median	>=	197.2	u_depth_median	>=	0.25335	38	25	-0.2260113312907319	0.0	25	0	-0.09291094186092645	0.0	4	0	-0.26828148216288733	24	0	-0.0005705266392361982	1	0	0.8413617698446877	True
guarded_feature_allocator_a002_refined_guard	two_feature_and	u_breadth_median	>=	0.19720000000000001	u_depth_median	>=	0.25335	38	25	-0.2260113312907319	0.0	25	0	-0.09291094186092645	0.0	4	0	-0.26828148216288733	24	0	-0.0005705266392361982	1	0	0.8413617698446877	True
guarded_feature_allocator_a002_refined_guard	two_feature_and	reported_ani_median	>=	0.9623946	u_depth_median	>=	0.25335	38	24	-0.22592124813716827	0.0	24	0	-0.09272076631451438	0.0	3	0	-0.26828148216288733	24	0	0.0	0	0	0.8413617698446877	True
guarded_feature_allocator_a002_refined_guard	two_feature_and	s_xny_median	>=	297.90000000000003	raw_mass_sum	>=	237.28166942796472	38	25	-0.22556984009656036	0.0	25	0	-0.06249055673876754	0.0	4	0	-0.267522888196184	24	0	-0.0018202502319008551	1	0	0.8389827313912194	True
guarded_feature_allocator_a002_refined_guard	two_feature_and	s_xny_median	>=	297.90000000000003	base_raw_mass	>=	237.28166942796472	38	25	-0.22556984009656036	0.0	25	0	-0.06249055673876754	0.0	4	0	-0.267522888196184	24	0	-0.0018202502319008551	1	0	0.8389827313912194	True
guarded_feature_allocator_a002_refined_guard	two_feature_and	s_xny_mean	>=	403.5382411725516	raw_mass_sum	>=	237.28166942796472	38	25	-0.22556984009656036	0.0	25	0	-0.06249055673876754	0.0	4	0	-0.267522888196184	24	0	-0.0018202502319008551	1	0	0.8389827313912194	True
guarded_feature_allocator_a002_refined_guard	two_feature_and	s_xny_mean	>=	403.5382411725516	base_raw_mass	>=	237.28166942796472	38	25	-0.22556984009656036	0.0	25	0	-0.06249055673876754	0.0	4	0	-0.267522888196184	24	0	-0.0018202502319008551	1	0	0.8389827313912194	True
guarded_feature_allocator_a002_refined_guard	two_feature_and	xny_max_median	>=	297.90000000000003	raw_mass_sum	>=	237.28166942796472	38	25	-0.22556984009656036	0.0	25	0	-0.06249055673876754	0.0	4	0	-0.267522888196184	24	0	-0.0018202502319008551	1	0	0.8389827313912194	True
guarded_feature_allocator_a002_refined_guard	two_feature_and	xny_max_median	>=	297.90000000000003	base_raw_mass	>=	237.28166942796472	38	25	-0.22556984009656036	0.0	25	0	-0.06249055673876754	0.0	4	0	-0.267522888196184	24	0	-0.0018202502319008551	1	0	0.8389827313912194	True
guarded_feature_allocator_a002_refined_guard	two_feature_and	xny_max_mean	>=	403.5382411725516	raw_mass_sum	>=	237.28166942796472	38	25	-0.22556984009656036	0.0	25	0	-0.06249055673876754	0.0	4	0	-0.267522888196184	24	0	-0.0018202502319008551	1	0	0.8389827313912194	True
guarded_feature_allocator_a002_refined_guard	two_feature_and	xny_max_mean	>=	403.5382411725516	base_raw_mass	>=	237.28166942796472	38	25	-0.22556984009656036	0.0	25	0	-0.06249055673876754	0.0	4	0	-0.267522888196184	24	0	-0.0018202502319008551	1	0	0.8389827313912194	True
guarded_feature_allocator_a002_refined_guard	two_feature_and	s_xny_median	>=	297.90000000000003	u_depth_median	>=	0.201	38	27	-0.22450476226998586	0.0	27	0	-0.08118787273959736	0.0	4	0	-0.2658261659704892	24	0	-0.004123942533968176	3	0	0.8336616141704688	True
guarded_feature_allocator_a002_refined_guard	two_feature_and	s_xny_mean	>=	403.5382411725516	u_depth_median	>=	0.201	38	27	-0.22450476226998586	0.0	27	0	-0.08118787273959736	0.0	4	0	-0.2658261659704892	24	0	-0.004123942533968176	3	0	0.8336616141704688	True
guarded_feature_allocator_a002_refined_guard	two_feature_and	xny_max_median	>=	297.90000000000003	u_depth_median	>=	0.201	38	27	-0.22450476226998586	0.0	27	0	-0.08118787273959736	0.0	4	0	-0.2658261659704892	24	0	-0.004123942533968176	3	0	0.8336616141704688	True
guarded_feature_allocator_a002_refined_guard	two_feature_and	xny_max_mean	>=	403.5382411725516	u_depth_median	>=	0.201	38	27	-0.22450476226998586	0.0	27	0	-0.08118787273959736	0.0	4	0	-0.2658261659704892	24	0	-0.004123942533968176	3	0	0.8336616141704688	True
guarded_feature_allocator_a002_refined_guard	two_feature_and	s_depth_median	>=	0.2939449	s_breadth_median	>=	0.24684294999999998	38	25	-0.2240992605468138	0.0	25	0	-0.08004445237113014	0.0	4	0	-0.2660108981544846	24	0	-0.0005705266392361982	1	0	0.8342409556741037	True
guarded_feature_allocator_a002_refined_guard	two_feature_and	s_xny_median	>=	297.90000000000003	u_xny_median	>=	197.2	38	25	-0.22394369660239663	0.0	25	0	-0.08000340077468672	0.0	4	0	-0.2658261659704892	24	0	-0.0005705266392361982	1	0	0.8336616141704688	True
guarded_feature_allocator_a002_refined_guard	two_feature_and	s_xny_median	>=	297.90000000000003	u_breadth_median	>=	0.19720000000000001	38	25	-0.22394369660239663	0.0	25	0	-0.08000340077468672	0.0	4	0	-0.2658261659704892	24	0	-0.0005705266392361982	1	0	0.8336616141704688	True
guarded_feature_allocator_a002_refined_guard	two_feature_and	s_xny_mean	>=	403.5382411725516	u_xny_median	>=	197.2	38	25	-0.22394369660239663	0.0	25	0	-0.08000340077468672	0.0	4	0	-0.2658261659704892	24	0	-0.0005705266392361982	1	0	0.8336616141704688	True
guarded_feature_allocator_a002_refined_guard	two_feature_and	s_xny_mean	>=	403.5382411725516	u_breadth_median	>=	0.19720000000000001	38	25	-0.22394369660239663	0.0	25	0	-0.08000340077468672	0.0	4	0	-0.2658261659704892	24	0	-0.0005705266392361982	1	0	0.8336616141704688	True
guarded_feature_allocator_a002_refined_guard	two_feature_and	xny_max_median	>=	297.90000000000003	u_xny_median	>=	197.2	38	25	-0.22394369660239663	0.0	25	0	-0.08000340077468672	0.0	4	0	-0.2658261659704892	24	0	-0.0005705266392361982	1	0	0.8336616141704688	True
guarded_feature_allocator_a002_refined_guard	two_feature_and	xny_max_median	>=	297.90000000000003	u_breadth_median	>=	0.19720000000000001	38	25	-0.22394369660239663	0.0	25	0	-0.08000340077468672	0.0	4	0	-0.2658261659704892	24	0	-0.0005705266392361982	1	0	0.8336616141704688	True
guarded_feature_allocator_a002_refined_guard	two_feature_and	xny_max_mean	>=	403.5382411725516	u_xny_median	>=	197.2	38	25	-0.22394369660239663	0.0	25	0	-0.08000340077468672	0.0	4	0	-0.2658261659704892	24	0	-0.0005705266392361982	1	0	0.8336616141704688	True
guarded_feature_allocator_a002_refined_guard	two_feature_and	xny_max_mean	>=	403.5382411725516	u_breadth_median	>=	0.19720000000000001	38	25	-0.22394369660239663	0.0	25	0	-0.08000340077468672	0.0	4	0	-0.2658261659704892	24	0	-0.0005705266392361982	1	0	0.8336616141704688	True
guarded_feature_allocator_a002_refined_guard	two_feature_and	u_depth_median	>=	0.201	s_breadth_median	>=	0.24684294999999998	38	25	-0.22394369660239663	0.0	25	0	-0.08000340077468672	0.0	4	0	-0.2658261659704892	24	0	-0.0005705266392361982	1	0	0.8336616141704688	True
guarded_feature_allocator_a002_refined_guard	two_feature_and	u_xny_median	>=	197.2	s_breadth_median	>=	0.24684294999999998	38	25	-0.22394369660239663	0.0	25	0	-0.08000340077468672	0.0	4	0	-0.2658261659704892	24	0	-0.0005705266392361982	1	0	0.8336616141704688	True
guarded_feature_allocator_a002_refined_guard	two_feature_and	u_breadth_median	>=	0.19720000000000001	s_breadth_median	>=	0.24684294999999998	38	25	-0.22394369660239663	0.0	25	0	-0.08000340077468672	0.0	4	0	-0.2658261659704892	24	0	-0.0005705266392361982	1	0	0.8336616141704688	True
guarded_feature_allocator_a002_refined_guard	two_feature_and	raw_mass_sum	>=	237.28166942796472	u_xny_median	>=	133.4	38	24	-0.21968385859245873	0.0	24	0	-0.0863242958079923	0.0	3	0	-0.26087458207854475	24	0	0.0	0	0	0.8181328741572785	True
guarded_feature_allocator_a002_refined_guard	two_feature_and	raw_mass_sum	>=	237.28166942796472	u_breadth_median	>=	0.13340000000000002	38	24	-0.21968385859245873	0.0	24	0	-0.0863242958079923	0.0	3	0	-0.26087458207854475	24	0	0.0	0	0	0.8181328741572785	True
guarded_feature_allocator_a002_refined_guard	two_feature_and	base_raw_mass	>=	237.28166942796472	u_xny_median	>=	133.4	38	24	-0.21968385859245873	0.0	24	0	-0.0863242958079923	0.0	3	0	-0.26087458207854475	24	0	0.0	0	0	0.8181328741572785	True
guarded_feature_allocator_a002_refined_guard	two_feature_and	base_raw_mass	>=	237.28166942796472	u_breadth_median	>=	0.13340000000000002	38	24	-0.21968385859245873	0.0	24	0	-0.0863242958079923	0.0	3	0	-0.26087458207854475	24	0	0.0	0	0	0.8181328741572785	True
guarded_feature_allocator_a002_refined_guard	two_feature_and	s_xny_median	>=	297.90000000000003	u_depth_median	>=	0.25335	38	25	-0.21960657456696517	0.0	25	0	-0.07938978877741895	0.0	4	0	-0.26033453663493294	23	0	-0.0023907768711370534	2	0	0.8164392291596043	True
guarded_feature_allocator_a002_refined_guard	two_feature_and	s_xny_mean	>=	403.5382411725516	u_depth_median	>=	0.25335	38	25	-0.21960657456696517	0.0	25	0	-0.07938978877741895	0.0	4	0	-0.26033453663493294	23	0	-0.0023907768711370534	2	0	0.8164392291596043	True
guarded_feature_allocator_a002_refined_guard	two_feature_and	xny_max_median	>=	297.90000000000003	u_depth_median	>=	0.25335	38	25	-0.21960657456696517	0.0	25	0	-0.07938978877741895	0.0	4	0	-0.26033453663493294	23	0	-0.0023907768711370534	2	0	0.8164392291596043	True
guarded_feature_allocator_a002_refined_guard	two_feature_and	xny_max_mean	>=	403.5382411725516	u_depth_median	>=	0.25335	38	25	-0.21960657456696517	0.0	25	0	-0.07938978877741895	0.0	4	0	-0.26033453663493294	23	0	-0.0023907768711370534	2	0	0.8164392291596043	True
guarded_feature_allocator_a002_refined_guard	two_feature_and	s_breadth_median	>=	0.24684294999999998	u_depth_median	>=	0.25335	38	24	-0.2193191666356124	0.0	24	0	-0.07878303870011867	0.0	4	0	-0.26033453663493294	23	0	-0.0005705266392361982	1	0	0.8164392291596043	True
guarded_feature_allocator_a002_refined_guard	single	u_xny_median	>=	239.6				38	23	-0.2179612067206813	0.0	23	0	-0.07842468816701186	0.0	4	0	-0.25872195923595226	22	0	-0.0005705266392361982	1	0	0.8113819998514922	True
guarded_feature_allocator_a002_refined_guard	single	u_breadth_median	>=	0.23959999999999998				38	23	-0.2179612067206813	0.0	23	0	-0.07842468816701186	0.0	4	0	-0.25872195923595226	22	0	-0.0005705266392361982	1	0	0.8113819998514922	True
guarded_feature_allocator_a002_refined_guard	two_feature_and	s_xny_median	>=	230.3	u_xny_median	>=	239.6	38	23	-0.2179612067206813	0.0	23	0	-0.07842468816701186	0.0	4	0	-0.25872195923595226	22	0	-0.0005705266392361982	1	0	0.8113819998514922	True
guarded_feature_allocator_a002_refined_guard	two_feature_and	s_xny_median	>=	230.3	u_breadth_median	>=	0.23959999999999998	38	23	-0.2179612067206813	0.0	23	0	-0.07842468816701186	0.0	4	0	-0.25872195923595226	22	0	-0.0005705266392361982	1	0	0.8113819998514922	True
guarded_feature_allocator_a002_refined_guard	two_feature_and	s_xny_mean	>=	345.7788366336634	u_xny_median	>=	239.6	38	23	-0.2179612067206813	0.0	23	0	-0.07842468816701186	0.0	4	0	-0.25872195923595226	22	0	-0.0005705266392361982	1	0	0.8113819998514922	True
guarded_feature_allocator_a002_refined_guard	two_feature_and	s_xny_mean	>=	345.7788366336634	u_breadth_median	>=	0.23959999999999998	38	23	-0.2179612067206813	0.0	23	0	-0.07842468816701186	0.0	4	0	-0.25872195923595226	22	0	-0.0005705266392361982	1	0	0.8113819998514922	True
guarded_feature_allocator_a002_refined_guard	two_feature_and	xny_max_median	>=	230.3	u_xny_median	>=	239.6	38	23	-0.2179612067206813	0.0	23	0	-0.07842468816701186	0.0	4	0	-0.25872195923595226	22	0	-0.0005705266392361982	1	0	0.8113819998514922	True
guarded_feature_allocator_a002_refined_guard	two_feature_and	xny_max_median	>=	230.3	u_breadth_median	>=	0.23959999999999998	38	23	-0.2179612067206813	0.0	23	0	-0.07842468816701186	0.0	4	0	-0.25872195923595226	22	0	-0.0005705266392361982	1	0	0.8113819998514922	True
guarded_feature_allocator_a002_refined_guard	two_feature_and	xny_max_mean	>=	345.7788366336634	u_xny_median	>=	239.6	38	23	-0.2179612067206813	0.0	23	0	-0.07842468816701186	0.0	4	0	-0.25872195923595226	22	0	-0.0005705266392361982	1	0	0.8113819998514922	True
guarded_feature_allocator_a002_refined_guard	two_feature_and	xny_max_mean	>=	345.7788366336634	u_breadth_median	>=	0.23959999999999998	38	23	-0.2179612067206813	0.0	23	0	-0.07842468816701186	0.0	4	0	-0.25872195923595226	22	0	-0.0005705266392361982	1	0	0.8113819998514922	True
guarded_feature_allocator_a002_refined_guard	two_feature_and	s_depth_median	>=	0.2253115	u_xny_median	>=	239.6	38	23	-0.2179612067206813	0.0	23	0	-0.07842468816701186	0.0	4	0	-0.25872195923595226	22	0	-0.0005705266392361982	1	0	0.8113819998514922	True
guarded_feature_allocator_a002_refined_guard	two_feature_and	s_depth_median	>=	0.2253115	u_breadth_median	>=	0.23959999999999998	38	23	-0.2179612067206813	0.0	23	0	-0.07842468816701186	0.0	4	0	-0.25872195923595226	22	0	-0.0005705266392361982	1	0	0.8113819998514922	True
guarded_feature_allocator_a002_refined_guard	two_feature_and	u_depth_median	>=	0.12905	u_xny_median	>=	239.6	38	23	-0.2179612067206813	0.0	23	0	-0.07842468816701186	0.0	4	0	-0.25872195923595226	22	0	-0.0005705266392361982	1	0	0.8113819998514922	True
guarded_feature_allocator_a002_refined_guard	two_feature_and	u_depth_median	>=	0.12905	u_breadth_median	>=	0.23959999999999998	38	23	-0.2179612067206813	0.0	23	0	-0.07842468816701186	0.0	4	0	-0.25872195923595226	22	0	-0.0005705266392361982	1	0	0.8113819998514922	True
guarded_feature_allocator_a002_refined_guard	two_feature_and	s_breadth_median	>=	0.11932904999999999	u_xny_median	>=	239.6	38	23	-0.2179612067206813	0.0	23	0	-0.07842468816701186	0.0	4	0	-0.25872195923595226	22	0	-0.0005705266392361982	1	0	0.8113819998514922	True
guarded_feature_allocator_a002_refined_guard	two_feature_and	s_breadth_median	>=	0.11932904999999999	u_breadth_median	>=	0.23959999999999998	38	23	-0.2179612067206813	0.0	23	0	-0.07842468816701186	0.0	4	0	-0.25872195923595226	22	0	-0.0005705266392361982	1	0	0.8113819998514922	True
guarded_feature_allocator_a002_refined_guard	two_feature_and	s_breadth_median	>=	0.187603	u_xny_median	>=	239.6	38	23	-0.2179612067206813	0.0	23	0	-0.07842468816701186	0.0	4	0	-0.25872195923595226	22	0	-0.0005705266392361982	1	0	0.8113819998514922	True
guarded_feature_allocator_a002_refined_guard	two_feature_and	s_breadth_median	>=	0.187603	u_breadth_median	>=	0.23959999999999998	38	23	-0.2179612067206813	0.0	23	0	-0.07842468816701186	0.0	4	0	-0.25872195923595226	22	0	-0.0005705266392361982	1	0	0.8113819998514922	True
guarded_feature_allocator_a002_refined_guard	two_feature_and	s_depth_median	>=	0.2939449	u_xny_median	>=	239.6	38	23	-0.2179612067206813	0.0	23	0	-0.07842468816701186	0.0	4	0	-0.25872195923595226	22	0	-0.0005705266392361982	1	0	0.8113819998514922	True
guarded_feature_allocator_a002_refined_guard	two_feature_and	s_depth_median	>=	0.2939449	u_breadth_median	>=	0.23959999999999998	38	23	-0.2179612067206813	0.0	23	0	-0.07842468816701186	0.0	4	0	-0.25872195923595226	22	0	-0.0005705266392361982	1	0	0.8113819998514922	True
guarded_feature_allocator_a002_refined_guard	two_feature_and	s_xny_median	>=	297.90000000000003	u_xny_median	>=	239.6	38	23	-0.2179612067206813	0.0	23	0	-0.07842468816701186	0.0	4	0	-0.25872195923595226	22	0	-0.0005705266392361982	1	0	0.8113819998514922	True
guarded_feature_allocator_a002_refined_guard	two_feature_and	s_xny_median	>=	297.90000000000003	u_breadth_median	>=	0.23959999999999998	38	23	-0.2179612067206813	0.0	23	0	-0.07842468816701186	0.0	4	0	-0.25872195923595226	22	0	-0.0005705266392361982	1	0	0.8113819998514922	True
guarded_feature_allocator_a002_refined_guard	two_feature_and	s_xny_mean	>=	403.5382411725516	u_xny_median	>=	239.6	38	23	-0.2179612067206813	0.0	23	0	-0.07842468816701186	0.0	4	0	-0.25872195923595226	22	0	-0.0005705266392361982	1	0	0.8113819998514922	True
guarded_feature_allocator_a002_refined_guard	two_feature_and	s_xny_mean	>=	403.5382411725516	u_breadth_median	>=	0.23959999999999998	38	23	-0.2179612067206813	0.0	23	0	-0.07842468816701186	0.0	4	0	-0.25872195923595226	22	0	-0.0005705266392361982	1	0	0.8113819998514922	True
guarded_feature_allocator_a002_refined_guard	two_feature_and	xny_max_median	>=	297.90000000000003	u_xny_median	>=	239.6	38	23	-0.2179612067206813	0.0	23	0	-0.07842468816701186	0.0	4	0	-0.25872195923595226	22	0	-0.0005705266392361982	1	0	0.8113819998514922	True
guarded_feature_allocator_a002_refined_guard	two_feature_and	xny_max_median	>=	297.90000000000003	u_breadth_median	>=	0.23959999999999998	38	23	-0.2179612067206813	0.0	23	0	-0.07842468816701186	0.0	4	0	-0.25872195923595226	22	0	-0.0005705266392361982	1	0	0.8113819998514922	True
guarded_feature_allocator_a002_refined_guard	two_feature_and	xny_max_mean	>=	403.5382411725516	u_xny_median	>=	239.6	38	23	-0.2179612067206813	0.0	23	0	-0.07842468816701186	0.0	4	0	-0.25872195923595226	22	0	-0.0005705266392361982	1	0	0.8113819998514922	True
guarded_feature_allocator_a002_refined_guard	two_feature_and	xny_max_mean	>=	403.5382411725516	u_breadth_median	>=	0.23959999999999998	38	23	-0.2179612067206813	0.0	23	0	-0.07842468816701186	0.0	4	0	-0.25872195923595226	22	0	-0.0005705266392361982	1	0	0.8113819998514922	True
guarded_feature_allocator_a002_refined_guard	two_feature_and	u_xny_median	>=	133.4	u_breadth_median	>=	0.23959999999999998	38	23	-0.2179612067206813	0.0	23	0	-0.07842468816701186	0.0	4	0	-0.25872195923595226	22	0	-0.0005705266392361982	1	0	0.8113819998514922	True
guarded_feature_allocator_a002_refined_guard	two_feature_and	u_breadth_median	>=	0.13340000000000002	u_xny_median	>=	239.6	38	23	-0.2179612067206813	0.0	23	0	-0.07842468816701186	0.0	4	0	-0.25872195923595226	22	0	-0.0005705266392361982	1	0	0.8113819998514922	True
guarded_feature_allocator_a002_refined_guard	two_feature_and	u_depth_median	>=	0.201	u_xny_median	>=	239.6	38	23	-0.2179612067206813	0.0	23	0	-0.07842468816701186	0.0	4	0	-0.25872195923595226	22	0	-0.0005705266392361982	1	0	0.8113819998514922	True
guarded_feature_allocator_a002_refined_guard	two_feature_and	u_depth_median	>=	0.201	u_breadth_median	>=	0.23959999999999998	38	23	-0.2179612067206813	0.0	23	0	-0.07842468816701186	0.0	4	0	-0.25872195923595226	22	0	-0.0005705266392361982	1	0	0.8113819998514922	True
guarded_feature_allocator_a002_refined_guard	two_feature_and	u_xny_median	>=	197.2	u_breadth_median	>=	0.23959999999999998	38	23	-0.2179612067206813	0.0	23	0	-0.07842468816701186	0.0	4	0	-0.25872195923595226	22	0	-0.0005705266392361982	1	0	0.8113819998514922	True
guarded_feature_allocator_a002_refined_guard	two_feature_and	u_breadth_median	>=	0.19720000000000001	u_xny_median	>=	239.6	38	23	-0.2179612067206813	0.0	23	0	-0.07842468816701186	0.0	4	0	-0.25872195923595226	22	0	-0.0005705266392361982	1	0	0.8113819998514922	True
guarded_feature_allocator_a002_refined_guard	two_feature_and	s_breadth_median	>=	0.24684294999999998	u_xny_median	>=	239.6	38	23	-0.2179612067206813	0.0	23	0	-0.07842468816701186	0.0	4	0	-0.25872195923595226	22	0	-0.0005705266392361982	1	0	0.8113819998514922	True
guarded_feature_allocator_a002_refined_guard	two_feature_and	s_breadth_median	>=	0.24684294999999998	u_breadth_median	>=	0.23959999999999998	38	23	-0.2179612067206813	0.0	23	0	-0.07842468816701186	0.0	4	0	-0.25872195923595226	22	0	-0.0005705266392361982	1	0	0.8113819998514922	True
guarded_feature_allocator_a002_refined_guard	two_feature_and	u_depth_median	>=	0.25335	u_xny_median	>=	239.6	38	23	-0.2179612067206813	0.0	23	0	-0.07842468816701186	0.0	4	0	-0.25872195923595226	22	0	-0.0005705266392361982	1	0	0.8113819998514922	True
guarded_feature_allocator_a002_refined_guard	two_feature_and	u_depth_median	>=	0.25335	u_breadth_median	>=	0.23959999999999998	38	23	-0.2179612067206813	0.0	23	0	-0.07842468816701186	0.0	4	0	-0.25872195923595226	22	0	-0.0005705266392361982	1	0	0.8113819998514922	True
guarded_feature_allocator_a002_refined_guard	two_feature_and	u_xny_median	>=	239.6	u_breadth_median	>=	0.23959999999999998	38	23	-0.2179612067206813	0.0	23	0	-0.07842468816701186	0.0	4	0	-0.25872195923595226	22	0	-0.0005705266392361982	1	0	0.8113819998514922	True
guarded_feature_allocator_a002_refined_guard	single	s_xny_median	>=	391.0				38	26	-0.2179416356245988	0.0	26	0	-0.0784195235722123	0.0	4	0	-0.2586987185593543	25	0	-0.0005705266392361982	1	0	0.8113091144005947	True
guarded_feature_allocator_a002_refined_guard	single	xny_max_median	>=	391.0				38	26	-0.2179416356245988	0.0	26	0	-0.0784195235722123	0.0	4	0	-0.2586987185593543	25	0	-0.0005705266392361982	1	0	0.8113091144005947	True
guarded_feature_allocator_a002_refined_guard	single	s_depth_median	>=	0.5563099				38	26	-0.2179416356245988	0.0	26	0	-0.0784195235722123	0.0	4	0	-0.2586987185593543	25	0	-0.0005705266392361982	1	0	0.8113091144005947	True
guarded_feature_allocator_a002_refined_guard	two_feature_and	s_xny_median	>=	230.3	xny_max_median	>=	391.0	38	26	-0.2179416356245988	0.0	26	0	-0.0784195235722123	0.0	4	0	-0.2586987185593543	25	0	-0.0005705266392361982	1	0	0.8113091144005947	True
guarded_feature_allocator_a002_refined_guard	two_feature_and	s_xny_median	>=	230.3	s_depth_median	>=	0.5563099	38	26	-0.2179416356245988	0.0	26	0	-0.0784195235722123	0.0	4	0	-0.2586987185593543	25	0	-0.0005705266392361982	1	0	0.8113091144005947	True
guarded_feature_allocator_a002_refined_guard	two_feature_and	s_xny_mean	>=	345.7788366336634	s_xny_median	>=	391.0	38	26	-0.2179416356245988	0.0	26	0	-0.0784195235722123	0.0	4	0	-0.2586987185593543	25	0	-0.0005705266392361982	1	0	0.8113091144005947	True
guarded_feature_allocator_a002_refined_guard	two_feature_and	s_xny_mean	>=	345.7788366336634	xny_max_median	>=	391.0	38	26	-0.2179416356245988	0.0	26	0	-0.0784195235722123	0.0	4	0	-0.2586987185593543	25	0	-0.0005705266392361982	1	0	0.8113091144005947	True
guarded_feature_allocator_a002_refined_guard	two_feature_and	s_xny_mean	>=	345.7788366336634	s_depth_median	>=	0.5563099	38	26	-0.2179416356245988	0.0	26	0	-0.0784195235722123	0.0	4	0	-0.2586987185593543	25	0	-0.0005705266392361982	1	0	0.8113091144005947	True
guarded_feature_allocator_a002_refined_guard	two_feature_and	xny_max_median	>=	230.3	s_xny_median	>=	391.0	38	26	-0.2179416356245988	0.0	26	0	-0.0784195235722123	0.0	4	0	-0.2586987185593543	25	0	-0.0005705266392361982	1	0	0.8113091144005947	True
guarded_feature_allocator_a002_refined_guard	two_feature_and	xny_max_median	>=	230.3	s_depth_median	>=	0.5563099	38	26	-0.2179416356245988	0.0	26	0	-0.0784195235722123	0.0	4	0	-0.2586987185593543	25	0	-0.0005705266392361982	1	0	0.8113091144005947	True
guarded_feature_allocator_a002_refined_guard	two_feature_and	xny_max_mean	>=	345.7788366336634	s_xny_median	>=	391.0	38	26	-0.2179416356245988	0.0	26	0	-0.0784195235722123	0.0	4	0	-0.2586987185593543	25	0	-0.0005705266392361982	1	0	0.8113091144005947	True
guarded_feature_allocator_a002_refined_guard	two_feature_and	xny_max_mean	>=	345.7788366336634	xny_max_median	>=	391.0	38	26	-0.2179416356245988	0.0	26	0	-0.0784195235722123	0.0	4	0	-0.2586987185593543	25	0	-0.0005705266392361982	1	0	0.8113091144005947	True
guarded_feature_allocator_a002_refined_guard	two_feature_and	xny_max_mean	>=	345.7788366336634	s_depth_median	>=	0.5563099	38	26	-0.2179416356245988	0.0	26	0	-0.0784195235722123	0.0	4	0	-0.2586987185593543	25	0	-0.0005705266392361982	1	0	0.8113091144005947	True
guarded_feature_allocator_a002_refined_guard	two_feature_and	s_depth_median	>=	0.2253115	s_xny_median	>=	391.0	38	26	-0.2179416356245988	0.0	26	0	-0.0784195235722123	0.0	4	0	-0.2586987185593543	25	0	-0.0005705266392361982	1	0	0.8113091144005947	True
guarded_feature_allocator_a002_refined_guard	two_feature_and	s_depth_median	>=	0.2253115	xny_max_median	>=	391.0	38	26	-0.2179416356245988	0.0	26	0	-0.0784195235722123	0.0	4	0	-0.2586987185593543	25	0	-0.0005705266392361982	1	0	0.8113091144005947	True
guarded_feature_allocator_a002_refined_guard	two_feature_and	u_depth_median	>=	0.12905	s_xny_median	>=	391.0	38	26	-0.2179416356245988	0.0	26	0	-0.0784195235722123	0.0	4	0	-0.2586987185593543	25	0	-0.0005705266392361982	1	0	0.8113091144005947	True
guarded_feature_allocator_a002_refined_guard	two_feature_and	u_depth_median	>=	0.12905	xny_max_median	>=	391.0	38	26	-0.2179416356245988	0.0	26	0	-0.0784195235722123	0.0	4	0	-0.2586987185593543	25	0	-0.0005705266392361982	1	0	0.8113091144005947	True
guarded_feature_allocator_a002_refined_guard	two_feature_and	u_depth_median	>=	0.12905	s_depth_median	>=	0.5563099	38	26	-0.2179416356245988	0.0	26	0	-0.0784195235722123	0.0	4	0	-0.2586987185593543	25	0	-0.0005705266392361982	1	0	0.8113091144005947	True
guarded_feature_allocator_a002_refined_guard	two_feature_and	s_breadth_median	>=	0.11932904999999999	s_xny_median	>=	391.0	38	26	-0.2179416356245988	0.0	26	0	-0.0784195235722123	0.0	4	0	-0.2586987185593543	25	0	-0.0005705266392361982	1	0	0.8113091144005947	True
guarded_feature_allocator_a002_refined_guard	two_feature_and	s_breadth_median	>=	0.11932904999999999	xny_max_median	>=	391.0	38	26	-0.2179416356245988	0.0	26	0	-0.0784195235722123	0.0	4	0	-0.2586987185593543	25	0	-0.0005705266392361982	1	0	0.8113091144005947	True
guarded_feature_allocator_a002_refined_guard	two_feature_and	s_breadth_median	>=	0.11932904999999999	s_depth_median	>=	0.5563099	38	26	-0.2179416356245988	0.0	26	0	-0.0784195235722123	0.0	4	0	-0.2586987185593543	25	0	-0.0005705266392361982	1	0	0.8113091144005947	True
guarded_feature_allocator_a002_refined_guard	two_feature_and	s_breadth_median	>=	0.187603	s_xny_median	>=	391.0	38	26	-0.2179416356245988	0.0	26	0	-0.0784195235722123	0.0	4	0	-0.2586987185593543	25	0	-0.0005705266392361982	1	0	0.8113091144005947	True
guarded_feature_allocator_a002_refined_guard	two_feature_and	s_breadth_median	>=	0.187603	xny_max_median	>=	391.0	38	26	-0.2179416356245988	0.0	26	0	-0.0784195235722123	0.0	4	0	-0.2586987185593543	25	0	-0.0005705266392361982	1	0	0.8113091144005947	True
guarded_feature_allocator_a002_refined_guard	two_feature_and	s_breadth_median	>=	0.187603	s_depth_median	>=	0.5563099	38	26	-0.2179416356245988	0.0	26	0	-0.0784195235722123	0.0	4	0	-0.2586987185593543	25	0	-0.0005705266392361982	1	0	0.8113091144005947	True
guarded_feature_allocator_a002_refined_guard	two_feature_and	s_depth_median	>=	0.2939449	s_xny_median	>=	391.0	38	26	-0.2179416356245988	0.0	26	0	-0.0784195235722123	0.0	4	0	-0.2586987185593543	25	0	-0.0005705266392361982	1	0	0.8113091144005947	True
guarded_feature_allocator_a002_refined_guard	two_feature_and	s_depth_median	>=	0.2939449	xny_max_median	>=	391.0	38	26	-0.2179416356245988	0.0	26	0	-0.0784195235722123	0.0	4	0	-0.2586987185593543	25	0	-0.0005705266392361982	1	0	0.8113091144005947	True
guarded_feature_allocator_a002_refined_guard	two_feature_and	s_xny_median	>=	297.90000000000003	xny_max_median	>=	391.0	38	26	-0.2179416356245988	0.0	26	0	-0.0784195235722123	0.0	4	0	-0.2586987185593543	25	0	-0.0005705266392361982	1	0	0.8113091144005947	True
guarded_feature_allocator_a002_refined_guard	two_feature_and	s_xny_median	>=	297.90000000000003	s_depth_median	>=	0.5563099	38	26	-0.2179416356245988	0.0	26	0	-0.0784195235722123	0.0	4	0	-0.2586987185593543	25	0	-0.0005705266392361982	1	0	0.8113091144005947	True
guarded_feature_allocator_a002_refined_guard	two_feature_and	s_xny_mean	>=	403.5382411725516	s_xny_median	>=	391.0	38	26	-0.2179416356245988	0.0	26	0	-0.0784195235722123	0.0	4	0	-0.2586987185593543	25	0	-0.0005705266392361982	1	0	0.8113091144005947	True
guarded_feature_allocator_a002_refined_guard	two_feature_and	s_xny_mean	>=	403.5382411725516	xny_max_median	>=	391.0	38	26	-0.2179416356245988	0.0	26	0	-0.0784195235722123	0.0	4	0	-0.2586987185593543	25	0	-0.0005705266392361982	1	0	0.8113091144005947	True
guarded_feature_allocator_a002_refined_guard	two_feature_and	s_xny_mean	>=	403.5382411725516	s_depth_median	>=	0.5563099	38	26	-0.2179416356245988	0.0	26	0	-0.0784195235722123	0.0	4	0	-0.2586987185593543	25	0	-0.0005705266392361982	1	0	0.8113091144005947	True
guarded_feature_allocator_a002_refined_guard	two_feature_and	xny_max_median	>=	297.90000000000003	s_xny_median	>=	391.0	38	26	-0.2179416356245988	0.0	26	0	-0.0784195235722123	0.0	4	0	-0.2586987185593543	25	0	-0.0005705266392361982	1	0	0.8113091144005947	True
guarded_feature_allocator_a002_refined_guard	two_feature_and	xny_max_median	>=	297.90000000000003	s_depth_median	>=	0.5563099	38	26	-0.2179416356245988	0.0	26	0	-0.0784195235722123	0.0	4	0	-0.2586987185593543	25	0	-0.0005705266392361982	1	0	0.8113091144005947	True
guarded_feature_allocator_a002_refined_guard	two_feature_and	xny_max_mean	>=	403.5382411725516	s_xny_median	>=	391.0	38	26	-0.2179416356245988	0.0	26	0	-0.0784195235722123	0.0	4	0	-0.2586987185593543	25	0	-0.0005705266392361982	1	0	0.8113091144005947	True
guarded_feature_allocator_a002_refined_guard	two_feature_and	xny_max_mean	>=	403.5382411725516	xny_max_median	>=	391.0	38	26	-0.2179416356245988	0.0	26	0	-0.0784195235722123	0.0	4	0	-0.2586987185593543	25	0	-0.0005705266392361982	1	0	0.8113091144005947	True
guarded_feature_allocator_a002_refined_guard	two_feature_and	xny_max_mean	>=	403.5382411725516	s_depth_median	>=	0.5563099	38	26	-0.2179416356245988	0.0	26	0	-0.0784195235722123	0.0	4	0	-0.2586987185593543	25	0	-0.0005705266392361982	1	0	0.8113091144005947	True
guarded_feature_allocator_a002_refined_guard	two_feature_and	s_xny_median	>=	391.0	xny_max_median	>=	391.0	38	26	-0.2179416356245988	0.0	26	0	-0.0784195235722123	0.0	4	0	-0.2586987185593543	25	0	-0.0005705266392361982	1	0	0.8113091144005947	True
guarded_feature_allocator_a002_refined_guard	two_feature_and	s_xny_median	>=	391.0	s_depth_median	>=	0.5563099	38	26	-0.2179416356245988	0.0	26	0	-0.0784195235722123	0.0	4	0	-0.2586987185593543	25	0	-0.0005705266392361982	1	0	0.8113091144005947	True
guarded_feature_allocator_a002_refined_guard	two_feature_and	xny_max_median	>=	391.0	s_depth_median	>=	0.5563099	38	26	-0.2179416356245988	0.0	26	0	-0.0784195235722123	0.0	4	0	-0.2586987185593543	25	0	-0.0005705266392361982	1	0	0.8113091144005947	True
guarded_feature_allocator_a002_refined_guard	single	raw_mass_sum	>=	449.3558366293164				38	26	-0.2178760902394059	0.0	24	0	-0.0837898601669365	0.0	4	0	-0.2587278571592945	24	0	0.0	0	0	0.8114004964215188	True
guarded_feature_allocator_a002_refined_guard	single	base_raw_mass	>=	449.3558366293164				38	26	-0.2178760902394059	0.0	24	0	-0.0837898601669365	0.0	4	0	-0.2587278571592945	24	0	0.0	0	0	0.8114004964215188	True
guarded_feature_allocator_a002_refined_guard	two_feature_and	raw_mass_sum	>=	237.28166942796472	base_raw_mass	>=	449.3558366293164	38	26	-0.2178760902394059	0.0	24	0	-0.0837898601669365	0.0	4	0	-0.2587278571592945	24	0	0.0	0	0	0.8114004964215188	True
guarded_feature_allocator_a002_refined_guard	two_feature_and	base_raw_mass	>=	237.28166942796472	raw_mass_sum	>=	449.3558366293164	38	26	-0.2178760902394059	0.0	24	0	-0.0837898601669365	0.0	4	0	-0.2587278571592945	24	0	0.0	0	0	0.8114004964215188	True
guarded_feature_allocator_a002_refined_guard	two_feature_and	raw_mass_sum	>=	449.3558366293164	base_raw_mass	>=	449.3558366293164	38	26	-0.2178760902394059	0.0	24	0	-0.0837898601669365	0.0	4	0	-0.2587278571592945	24	0	0.0	0	0	0.8114004964215188	True
guarded_feature_allocator_a002_refined_guard	two_feature_and	reported_ani_median	>=	0.9623946	u_xny_median	>=	239.6	38	22	-0.21787112356711769	0.0	22	0	-0.07823451262059979	0.0	3	0	-0.25872195923595226	22	0	0.0	0	0	0.8113819998514922	True
guarded_feature_allocator_a002_refined_guard	two_feature_and	reported_ani_median	>=	0.9623946	u_breadth_median	>=	0.23959999999999998	38	22	-0.21787112356711769	0.0	22	0	-0.07823451262059979	0.0	3	0	-0.25872195923595226	22	0	0.0	0	0	0.8113819998514922	True
guarded_feature_allocator_a002_refined_guard	two_feature_and	reported_ani_median	>=	0.9623946	s_xny_median	>=	391.0	38	25	-0.2178515524710352	0.0	25	0	-0.07822934802580023	0.0	3	0	-0.2586987185593543	25	0	0.0	0	0	0.8113091144005947	True
guarded_feature_allocator_a002_refined_guard	two_feature_and	reported_ani_median	>=	0.9623946	xny_max_median	>=	391.0	38	25	-0.2178515524710352	0.0	25	0	-0.07822934802580023	0.0	3	0	-0.2586987185593543	25	0	0.0	0	0	0.8113091144005947	True
guarded_feature_allocator_a002_refined_guard	two_feature_and	reported_ani_median	>=	0.9623946	s_depth_median	>=	0.5563099	38	25	-0.2178515524710352	0.0	25	0	-0.07822934802580023	0.0	3	0	-0.2586987185593543	25	0	0.0	0	0	0.8113091144005947	True
guarded_feature_allocator_a002_refined_guard	two_feature_and	raw_mass_sum	>=	237.28166942796472	u_depth_median	>=	0.201	38	24	-0.21519117261261012	0.0	24	0	-0.0856696322142811	0.0	4	0	-0.2551982205589931	23	0	-0.0018202502319008551	1	0	0.8003311476427792	True
guarded_feature_allocator_a002_refined_guard	two_feature_and	base_raw_mass	>=	237.28166942796472	u_depth_median	>=	0.201	38	24	-0.21519117261261012	0.0	24	0	-0.0856696322142811	0.0	4	0	-0.2551982205589931	23	0	-0.0018202502319008551	1	0	0.8003311476427792	True
guarded_feature_allocator_a002_refined_guard	single	n_candidate_calls	>=	0.0				38	38	-0.2691713345725848	0.0002489100198779237	34	2	-0.13039437410345323	-2.063411077002364e-05	6	0	-0.3188657861319407	30	0	-0.004134259589353188	4	2	1.0	False
guarded_feature_allocator_a002_refined_guard	single	candidate_call_frac	>=	0.0				38	38	-0.2691713345725848	0.0002489100198779237	34	2	-0.13039437410345323	-2.063411077002364e-05	6	0	-0.3188657861319407	30	0	-0.004134259589353188	4	2	1.0	False
guarded_feature_allocator_a002_refined_guard	single	candidate_raw_frac	>=	0.0				38	38	-0.2691713345725848	0.0002489100198779237	34	2	-0.13039437410345323	-2.063411077002364e-05	6	0	-0.3188657861319407	30	0	-0.004134259589353188	4	2	1.0	False
guarded_feature_allocator_a002_refined_guard	single	u_zip_median	<=	1.0				38	38	-0.2691713345725848	0.0002489100198779237	34	2	-0.13039437410345323	-2.063411077002364e-05	6	0	-0.3188657861319407	30	0	-0.004134259589353188	4	2	1.0	False
guarded_feature_allocator_a002_refined_guard	single	probability_min	>=	0.0				38	38	-0.2691713345725848	0.0002489100198779237	34	2	-0.13039437410345323	-2.063411077002364e-05	6	0	-0.3188657861319407	30	0	-0.004134259589353188	4	2	1.0	False
guarded_feature_allocator_a002_refined_guard	single	reported_ani_median	>=	0.0				38	38	-0.2691713345725848	0.0002489100198779237	34	2	-0.13039437410345323	-2.063411077002364e-05	6	0	-0.3188657861319407	30	0	-0.004134259589353188	4	2	1.0	False
guarded_feature_allocator_a002_refined_guard	single	reported_ani_median	<=	1.0				38	38	-0.2691713345725848	0.0002489100198779237	34	2	-0.13039437410345323	-2.063411077002364e-05	6	0	-0.3188657861319407	30	0	-0.004134259589353188	4	2	1.0	False
guarded_feature_allocator_a002_refined_guard	single	max_species_per_genus	>=	4.7				38	34	-0.2650559267660871	0.0002489100198779237	30	2	-0.1285929802131171	0.00010329898321718527	5	1	-0.3144386287526242	29	0	-0.0016815161712225302	1	2	0.9861159222097141	False
guarded_feature_allocator_a002_refined_guard	single	max_species_per_genus	>=	5.0				38	34	-0.2650559267660871	0.0002489100198779237	30	2	-0.1285929802131171	0.00010329898321718527	5	1	-0.3144386287526242	29	0	-0.0016815161712225302	1	2	0.9861159222097141	False
guarded_feature_allocator_a002_refined_guard	single	base_mass_multi_genus_frac	>=	0.4470004262477392				38	34	-0.26434762946545964	0.0002489100198779237	32	2	-0.12912145192240632	-2.063411077002364e-05	6	0	-0.31313763631722963	28	0	-0.004134259589353188	4	2	0.9820358593996632	False
guarded_feature_allocator_a002_refined_guard	single	u_xny_median	>=	99.5				38	34	-0.2626656765300775	6.098692977363207e-05	32	1	-0.11666020712482668	0.0	5	0	-0.3114738356868235	29	0	-0.00235549436076532	3	1	0.9768179881109648	False
guarded_feature_allocator_a002_refined_guard	single	u_breadth_median	>=	0.0995				38	34	-0.2626656765300775	6.098692977363207e-05	32	1	-0.11666020712482668	0.0	5	0	-0.3114738356868235	29	0	-0.00235549436076532	3	1	0.9768179881109648	False
guarded_feature_allocator_a002_refined_guard	single	candidate_raw_frac	<=	0.01514438986060125				38	34	-0.26262027184792647	0.0002489100198779237	32	2	-0.11621996475991715	0.0	5	0	-0.31108639914640895	28	0	-0.004134259589353188	4	2	0.9756029422914856	False
guarded_feature_allocator_a002_refined_guard	single	s_zip_median	>=	0.504212				38	34	-0.26238546853016004	0.0002489100198779237	31	2	-0.11606865690277864	0.0	5	0	-0.3114738356868235	29	0	-0.00058084369462121	2	2	0.9768179881109648	False
guarded_feature_allocator_a002_refined_guard	single	u_zip_median	>=	0.7349898				38	34	-0.2610276559660068	0.0002489100198779237	32	2	-0.11320216371178855	-2.063411077002364e-05	6	0	-0.30919516778662937	28	0	-0.004134259589353188	4	2	0.9696718219203679	False
guarded_feature_allocator_a002_refined_guard	single	u_zip_median	>=	0.9800802				38	30	-0.2542372288848977	0.0002489100198779237	29	1	-0.09886681765166937	8.297000662597458e-05	4	1	-0.301248222258675	27	0	-0.0035119308914189906	2	1	0.9447492812352846	False
guarded_feature_allocator_a002_refined_guard	single	s_zip_median	>=	0.596535				38	30	-0.25147816484029434	6.098692977363207e-05	29	1	-0.1130360368408087	0.0	4	0	-0.29862060786184363	28	0	-5.180205869799911e-05	1	1	0.9365087784560241	False
guarded_feature_allocator_a002_refined_guard	single	n_candidate_calls	<=	2.0				38	37	-0.25133919876517047	0.0002489100198779237	33	2	-0.12568867159871888	-2.063411077002364e-05	6	0	-0.2976901248606362	29	0	-0.004134259589353188	4	2	0.9335906761017551	False
guarded_feature_allocator_a002_refined_guard	single	base_genus_count	<=	70.9				38	34	-0.2489157964802152	0.0002489100198779237	31	2	-0.08763268257511742	0.0	5	0	-0.2948123346472518	27	0	-0.004134259589353188	4	2	0.9245655930149369	False
guarded_feature_allocator_a002_refined_guard	single	raw_mass_sum	>=	177.3618462426369				38	34	-0.24619729835115606	6.098692977363207e-05	31	1	-0.10603741305402514	-0.00010360411739599822	6	0	-0.29157633968087293	27	0	-0.004175744592666175	4	1	0.9144171383762825	False
guarded_feature_allocator_a002_refined_guard	single	base_raw_mass	>=	177.3618462426369				38	34	-0.24619729835115606	6.098692977363207e-05	31	1	-0.10603741305402514	-0.00010360411739599822	6	0	-0.29157633968087293	27	0	-0.004175744592666175	4	1	0.9144171383762825	False
guarded_feature_allocator_a002_refined_guard	single	s_zip_median	<=	0.83097915				38	34	-0.2458644857376523	0.0002489100198779237	30	2	-0.10499042061181531	0.0	5	0	-0.29118890314045837	26	0	-0.004134259589353188	4	2	0.9132020925568033	False
guarded_feature_allocator_a002_refined_guard	single	s_depth_median	<=	4.847141750000003				38	34	-0.24574058404582644	0.0002489100198779237	30	2	-0.12421125938111426	-2.063411077002364e-05	6	0	-0.29104176988141517	26	0	-0.004134259589353188	4	2	0.9127406656322403	False
guarded_feature_allocator_a002_refined_guard	single	base_mass_multi_genus_frac	>=	0.6238615894125323				38	30	-0.24556331671359494	0.0002489100198779237	28	2	-0.10437080369906722	-2.063411077002364e-05	6	0	-0.29083126492439026	24	0	-0.004134259589353188	4	2	0.91208049773032	False
guarded_feature_allocator_a002_refined_guard	single	probability_mean	<=	0.8539039132516574				38	34	-0.24495947140401503	0.0002489100198779237	30	2	-0.12400513243396956	-2.063411077002364e-05	6	0	-0.29011419861926413	26	0	-0.004134259589353188	4	2	0.909831694828558	False
guarded_feature_allocator_a002_refined_guard	single	s_xny_median	<=	919.35				38	34	-0.2442093325910278	0.0002489100198779237	30	2	-0.12380717913609791	-2.063411077002364e-05	6	0	-0.2892234087788418	26	0	-0.004134259589353188	4	2	0.9070380748192487	False
guarded_feature_allocator_a002_refined_guard	single	s_xny_mean	<=	833.2020833333335				38	34	-0.2442093325910278	0.0002489100198779237	30	2	-0.12380717913609791	-2.063411077002364e-05	6	0	-0.2892234087788418	26	0	-0.004134259589353188	4	2	0.9070380748192487	False
guarded_feature_allocator_a002_refined_guard	single	xny_max_median	<=	919.35				38	34	-0.2442093325910278	0.0002489100198779237	30	2	-0.12380717913609791	-2.063411077002364e-05	6	0	-0.2892234087788418	26	0	-0.004134259589353188	4	2	0.9070380748192487	False
guarded_feature_allocator_a002_refined_guard	single	xny_max_mean	<=	833.2020833333335				38	34	-0.2442093325910278	0.0002489100198779237	30	2	-0.12380717913609791	-2.063411077002364e-05	6	0	-0.2892234087788418	26	0	-0.004134259589353188	4	2	0.9070380748192487	False
guarded_feature_allocator_a002_refined_guard	single	u_xny_median	<=	644.35				38	34	-0.24334544792012763	0.0002489100198779237	30	2	-0.12263214247137479	-2.063411077002364e-05	6	0	-0.28819754573214784	26	0	-0.004134259589353188	4	2	0.9038208496062888	False
guarded_feature_allocator_a002_refined_guard	single	u_breadth_median	<=	0.64435				38	34	-0.24334544792012763	0.0002489100198779237	30	2	-0.12263214247137479	-2.063411077002364e-05	6	0	-0.28819754573214784	26	0	-0.004134259589353188	4	2	0.9038208496062888	False
guarded_feature_allocator_a002_refined_guard	single	raw_mass_sum	<=	845.4325705045716				38	34	-0.2428309723240183	0.0002489100198779237	31	2	-0.12344344517674817	-2.063411077002364e-05	6	0	-0.287586605961768	27	0	-0.004134259589353188	4	2	0.9019048717969699	False
guarded_feature_allocator_a002_refined_guard	single	candidate_call_frac	<=	0.037037037037037				38	35	-0.24139104957776816	0.0002489100198779237	31	2	-0.1230634655631544	-2.063411077002364e-05	6	0	-0.285876697700596	27	0	-0.004134259589353188	4	2	0.8965424016432592	False
guarded_feature_allocator_a002_refined_guard	single	multi_species_genus_count	>=	3.0				38	35	-0.2408981007593638	0.0002489100198779237	31	2	-0.1229333818471866	-2.063411077002364e-05	6	0	-0.28529132097874077	27	0	-0.004134259589353188	4	2	0.894706592511912	False
guarded_feature_allocator_a002_refined_guard	single	n_calls	>=	18.4				38	34	-0.24080801760580017	0.0002489100198779237	30	2	-0.12274320630077452	-2.063411077002364e-05	6	0	-0.28529132097874077	27	0	-0.00356373295011699	3	2	0.894706592511912	False
guarded_feature_allocator_a002_refined_guard	single	n_base_calls	>=	18.1				38	34	-0.24080801760580017	0.0002489100198779237	30	2	-0.12274320630077452	-2.063411077002364e-05	6	0	-0.28529132097874077	27	0	-0.00356373295011699	3	2	0.894706592511912	False
guarded_feature_allocator_a002_refined_guard	single	top3_abundance	<=	0.726992519911774				38	34	-0.23941586670358928	0.0002489100198779237	30	2	-0.122542236749135	-2.063411077002364e-05	6	0	-0.28353116803750855	26	0	-0.004134259589353188	4	2	0.8891865492279207	False
guarded_feature_allocator_a002_refined_guard	single	base_raw_mass	<=	838.5272094130752				38	34	-0.23921410727307274	0.0002489100198779237	30	2	-0.1224889946771931	-2.063411077002364e-05	6	0	-0.28329157871377014	26	0	-0.004134259589353188	4	2	0.8884351693867506	False
guarded_feature_allocator_a002_refined_guard	single	top3_abundance	>=	0.4036309553858371				38	34	-0.2388078639768361	0.0002489100198779237	31	2	-0.09257673405354211	0.0	5	0	-0.28280916479948914	27	0	-0.004134259589353188	4	2	0.8869222635333726	False
guarded_feature_allocator_a002_refined_guard	single	base_mass_multi_genus_frac	>=	0.7058824827073827				38	26	-0.2386347629040202	0.0002489100198779237	24	2	-0.08939946873181877	0.0	4	0	-0.28305187793885844	22	0	-0.0017434827182161345	2	2	0.8876834400218054	False
guarded_feature_allocator_a002_refined_guard	single	probability_mean	>=	0.6610313459499775				38	34	-0.23853712899626495	0.0002489100198779237	30	2	-0.11081175805063097	0.0	5	0	-0.2824876670100609	26	0	-0.004134259589353188	4	2	0.8859140092664968	False
guarded_feature_allocator_a002_refined_guard	single	probability_mean	<=	0.8409258205712915				38	30	-0.2383655270689217	0.0002489100198779237	26	2	-0.11983078783878244	-2.063411077002364e-05	6	0	-0.2822838897213408	22	0	-0.004134259589353188	4	2	0.8852749401108119	False
guarded_feature_allocator_a002_refined_guard	single	u_zip_median	>=	1.0				38	28	-0.2380135171765034	0.0002489100198779237	27	1	-0.09458556039528754	8.297000662597458e-05	4	1	-0.28198256460495674	25	0	-0.0035119308914189906	2	1	0.8843299496807023	False
guarded_feature_allocator_a002_refined_guard	single	base_genus_count	>=	12.4				38	34	-0.23552680024313122	0.0002489100198779237	30	2	-0.1213495517189591	-2.063411077002364e-05	6	0	-0.2790198753605714	27	0	-0.00356373295011699	3	2	0.8750386134093363	False
guarded_feature_allocator_a002_refined_guard	single	top1_abundance	>=	0.161478019195342				38	34	-0.23507818231785096	0.0002489100198779237	30	2	-0.10307302850973021	0.00010329898321718527	5	1	-0.2783917865570056	27	0	-0.004072293042359583	3	2	0.8730688542476999	False
guarded_feature_allocator_a002_refined_guard	single	u_depth_median	<=	0.9359500000000008				38	34	-0.23478663451817414	0.0002489100198779237	30	2	-0.12132063381131708	-2.063411077002364e-05	6	0	-0.27803395481732807	26	0	-0.004134259589353188	4	2	0.8719466525087857	False
guarded_feature_allocator_a002_refined_guard	single	abundance_entropy	<=	3.201777963375153				38	34	-0.23420889355168859	0.0002489100198779237	31	2	-0.10286170643931049	-2.063411077002364e-05	6	0	-0.27734788741962646	27	0	-0.004134259589353188	4	2	0.869795065767467	False
guarded_feature_allocator_a002_refined_guard	single	abundance_entropy	>=	1.9300286854313309				38	34	-0.23233619499792266	0.0002489100198779237	30	2	-0.12014308373139077	-2.063411077002364e-05	6	0	-0.2754653548055108	27	0	-0.0023140093574523326	3	2	0.8638912256692488	False
guarded_feature_allocator_a002_refined_guard	single	max_species_per_genus	>=	6.0				38	28	-0.2321063498166175	0.0002489100198779237	25	1	-0.11790820210091014	8.297000662597458e-05	4	1	-0.27563406884535446	25	0	4.148500331298729e-05	0	1	0.8644203324194281	False
guarded_feature_allocator_a002_refined_guard	single	multi_species_genus_count	>=	4.0				38	32	-0.23151125978182768	0.0002489100198779237	28	2	-0.11975898889069958	-2.063411077002364e-05	6	0	-0.27459271798125484	26	0	-0.0017434827182161345	2	2	0.8611545356190504	False
guarded_feature_allocator_a002_refined_guard	single	n_base_calls	>=	26.0				38	31	-0.2312376020455912	0.0002489100198779237	27	2	-0.11918126700308922	0.0	5	0	-0.27459271798125484	26	0	-1.031705538501182e-05	1	2	0.8611545356190504	False
guarded_feature_allocator_a002_refined_guard	single	n_calls	>=	26.4				38	30	-0.2301420294684169	0.0002489100198779237	26	2	-0.11889215757300153	0.0	5	0	-0.27329172554586034	25	0	-1.031705538501182e-05	1	2	0.8570744728089997	False
guarded_feature_allocator_a002_refined_guard	single	top1_abundance	<=	0.5191814379194387				38	34	-0.2290067378783299	0.0002489100198779237	30	2	-0.11979538330913597	-2.063411077002364e-05	6	0	-0.271170327557513	26	0	-0.004134259589353188	4	2	0.8504215232590298	False
guarded_feature_allocator_a002_refined_guard	single	probability_min	<=	0.40891116000980354				38	34	-0.22891818485383328	0.0002489100198779237	30	2	-0.11977201514989382	-2.063411077002364e-05	6	0	-0.2710651708409233	26	0	-0.004134259589353188	4	2	0.8500917396285395	False
guarded_feature_allocator_a002_refined_guard	single	top3_abundance	>=	0.44770434327665387				38	30	-0.22885993220669643	6.098692977363207e-05	29	1	-0.08994561160840396	2.032897659121069e-05	4	1	-0.2709998361118884	26	0	-0.004113778045672571	3	1	0.8498868423586646	False
guarded_feature_allocator_a002_refined_guard	single	s_breadth_median	<=	0.7352983				38	34	-0.22862890769770436	0.0002489100198779237	30	2	-0.11969567812258201	-2.063411077002364e-05	6	0	-0.2707216542180202	26	0	-0.004134259589353188	4	2	0.849014431752175	False
guarded_feature_allocator_a002_refined_guard	single	n_candidate_calls	<=	1.0				38	33	-0.22728704630030458	0.0002489100198779237	31	2	-0.11934157580937928	-2.063411077002364e-05	6	0	-0.269128193808608	27	0	-0.004134259589353188	4	2	0.8440171555353002	False
guarded_feature_allocator_a002_refined_guard	single	n_calls	<=	122.3000000000001				38	34	-0.2264846902476533	0.0002489100198779237	30	2	-0.09321195245615145	-2.063411077002364e-05	6	0	-0.2681753959960846	26	0	-0.004134259589353188	4	2	0.8410290713507864	False
guarded_feature_allocator_a002_refined_guard	single	n_base_calls	<=	121.6000000000001				38	34	-0.2264846902476533	0.0002489100198779237	30	2	-0.09321195245615145	-2.063411077002364e-05	6	0	-0.2681753959960846	26	0	-0.004134259589353188	4	2	0.8410290713507864	False
guarded_feature_allocator_a002_refined_guard	single	multi_species_genus_count	<=	19.300000000000004				38	34	-0.2264846902476533	0.0002489100198779237	30	2	-0.09321195245615145	-2.063411077002364e-05	6	0	-0.2681753959960846	26	0	-0.004134259589353188	4	2	0.8410290713507864	False
guarded_feature_allocator_a002_refined_guard	single	probability_mean	>=	0.7075722016782482				38	30	-0.22611011580652188	0.0002489100198779237	27	2	-0.10683509742703379	0.0	5	0	-0.2681788595105792	25	0	-0.0017434827182161345	2	2	0.841039933332991	False
guarded_feature_allocator_a002_refined_guard	single	u_depth_median	<=	0.7793000000000001				38	30	-0.2248626885142734	0.0002489100198779237	26	2	-0.11853541112384386	-2.063411077002364e-05	6	0	-0.26635624268255276	23	0	-0.00356373295011699	3	2	0.8353239960725655	False
guarded_feature_allocator_a002_refined_guard	single	base_genus_count	>=	15.0				38	31	-0.2245033961038046	0.0002489100198779237	27	2	-0.11790969153122126	-2.063411077002364e-05	6	0	-0.2662708798636024	25	0	-0.0017434827182161345	2	2	0.8350562883953454	False
guarded_feature_allocator_a002_refined_guard	single	raw_mass_sum	<=	788.010538559234				38	30	-0.22261292203962676	0.0002489100198779237	27	2	-0.11662091749928745	-2.063411077002364e-05	6	0	-0.26357767124905307	23	0	-0.004134259589353188	4	2	0.8266100745596755	False
guarded_feature_allocator_a002_refined_guard	single	base_raw_mass	<=	786.5138053482741				38	30	-0.22261292203962676	0.0002489100198779237	27	2	-0.11662091749928745	-2.063411077002364e-05	6	0	-0.26357767124905307	23	0	-0.004134259589353188	4	2	0.8266100745596755	False
guarded_feature_allocator_a002_refined_guard	single	s_xny_mean	<=	771.6028571428571				38	30	-0.2216332288505949	0.0002489100198779237	26	2	-0.11690252910580363	-2.063411077002364e-05	6	0	-0.2624142855870777	22	0	-0.004134259589353188	4	2	0.822961562512999	False
guarded_feature_allocator_a002_refined_guard	single	xny_max_mean	<=	771.6028571428571				38	30	-0.2216332288505949	0.0002489100198779237	26	2	-0.11690252910580363	-2.063411077002364e-05	6	0	-0.2624142855870777	22	0	-0.004134259589353188	4	2	0.822961562512999	False
guarded_feature_allocator_a002_refined_guard	single	s_breadth_median	<=	0.6628076				38	30	-0.2216332288505949	0.0002489100198779237	26	2	-0.11690252910580363	-2.063411077002364e-05	6	0	-0.2624142855870777	22	0	-0.004134259589353188	4	2	0.822961562512999	False
guarded_feature_allocator_a002_refined_guard	single	s_depth_median	<=	2.4183792000000004				38	30	-0.2216332288505949	0.0002489100198779237	26	2	-0.11690252910580363	-2.063411077002364e-05	6	0	-0.2624142855870777	22	0	-0.004134259589353188	4	2	0.822961562512999	False
guarded_feature_allocator_a002_refined_guard	single	base_genus_count	<=	57.2				38	30	-0.22026149479202234	0.0002489100198779237	29	1	-0.08007409538315273	0.0	5	0	-0.2607834455509674	25	0	-0.0041444240776487935	4	1	0.8178470594617513	False
guarded_feature_allocator_a002_refined_guard	single	candidate_raw_frac	<=	0.006083308434597143				38	30	-0.2197106665248164	0.0002489100198779237	28	2	-0.08659012873824574	0.0	4	0	-0.26013124282521577	24	0	-0.004134259589353188	4	2	0.8158016762500142	False
guarded_feature_allocator_a002_refined_guard	single	top1_abundance	>=	0.20882011034928155				38	30	-0.21949169547890798	6.098692977363207e-05	28	1	-0.09897202760875322	2.032897659121069e-05	5	1	-0.25987505499763963	25	0	-0.004113778045672571	3	1	0.8149982415802621	False
guarded_feature_allocator_a002_refined_guard	single	probability_min	<=	0.3879951790711903				38	30	-0.21841959331787794	0.0002489100198779237	27	1	-0.11700451813699182	-4.096308736123433e-05	6	0	-0.2585961875504209	23	0	-0.0041444240776487935	4	1	0.810987565293125	False
guarded_feature_allocator_a002_refined_guard	single	abundance_entropy	<=	3.1145569695095014				38	30	-0.21757858131805996	6.098692977363207e-05	29	1	-0.08612333634902908	-0.00010360411739599822	6	0	-0.2575916132040713	25	0	-0.004175744592666175	4	1	0.8078371039076757	False
guarded_feature_allocator_a002_refined_guard	single	base_genus_count	>=	16.1				38	26	-0.21620236195535028	0.0002489100198779237	22	2	-0.11521363420149784	0.0	5	0	-0.25673837037409375	21	0	-1.031705538501182e-05	1	2	0.8051612356675363	False
guarded_feature_allocator_a002_refined_guard	two_feature_and	s_depth_median	>=	0.2939449	reported_ani_median	>=	0.97873385	38	24	-0.21439978631681864	0.0	24	0	-0.08968038055636657	0.0	3	0	-0.2545997462512221	24	0	0.0	0	0	0.7984542629665307	False
guarded_feature_allocator_a002_refined_guard	single	base_mass_multi_genus_frac	<=	0.9487180977261321				38	34	-0.2131650206962213	0.0002489100198779237	30	2	-0.11561493016385731	-2.063411077002364e-05	6	0	-0.25235828840375907	26	0	-0.004134259589353188	4	2	0.7914247918067255	False
guarded_feature_allocator_a002_refined_guard	two_feature_and	s_xny_median	>=	297.90000000000003	reported_ani_median	>=	0.97873385	38	24	-0.21233215162848335	0.0	24	0	-0.07677283947012682	0.0	3	0	-0.252144430058824	24	0	0.0	0	0	0.7907541072923118	False
guarded_feature_allocator_a002_refined_guard	two_feature_and	s_xny_mean	>=	403.5382411725516	reported_ani_median	>=	0.97873385	38	24	-0.21233215162848335	0.0	24	0	-0.07677283947012682	0.0	3	0	-0.252144430058824	24	0	0.0	0	0	0.7907541072923118	False
guarded_feature_allocator_a002_refined_guard	two_feature_and	xny_max_median	>=	297.90000000000003	reported_ani_median	>=	0.97873385	38	24	-0.21233215162848335	0.0	24	0	-0.07677283947012682	0.0	3	0	-0.252144430058824	24	0	0.0	0	0	0.7907541072923118	False
guarded_feature_allocator_a002_refined_guard	two_feature_and	xny_max_mean	>=	403.5382411725516	reported_ani_median	>=	0.97873385	38	24	-0.21233215162848335	0.0	24	0	-0.07677283947012682	0.0	3	0	-0.252144430058824	24	0	0.0	0	0	0.7907541072923118	False
guarded_feature_allocator_a002_refined_guard	single	abundance_entropy	>=	2.1045437836227396				38	30	-0.2119460509416001	0.0002489100198779237	26	2	-0.11459594766897285	-2.063411077002364e-05	6	0	-0.25135903248348457	24	0	-0.0017434827182161345	2	2	0.7882910096208218	False
guarded_feature_allocator_a002_refined_guard	single	max_species_per_genus	<=	16.0				38	35	-0.2118049368402101	0.0002489100198779237	31	2	-0.1152560191462988	-2.063411077002364e-05	6	0	-0.2507431888247458	27	0	-0.004134259589353188	4	2	0.7863596526501997	False
guarded_feature_allocator_a002_refined_guard	two_feature_and	s_xny_median	>=	230.3	raw_mass_sum	>=	449.3558366293164	38	24	-0.21165128986457038	0.0	23	0	-0.07064861493117258	0.0	3	0	-0.2513359067141773	23	0	0.0	0	0	0.7882184845324836	False
guarded_feature_allocator_a002_refined_guard	two_feature_and	s_xny_median	>=	230.3	base_raw_mass	>=	449.3558366293164	38	24	-0.21165128986457038	0.0	23	0	-0.07064861493117258	0.0	3	0	-0.2513359067141773	23	0	0.0	0	0	0.7882184845324836	False
guarded_feature_allocator_a002_refined_guard	two_feature_and	s_xny_mean	>=	345.7788366336634	raw_mass_sum	>=	449.3558366293164	38	24	-0.21165128986457038	0.0	23	0	-0.07064861493117258	0.0	3	0	-0.2513359067141773	23	0	0.0	0	0	0.7882184845324836	False
guarded_feature_allocator_a002_refined_guard	two_feature_and	s_xny_mean	>=	345.7788366336634	base_raw_mass	>=	449.3558366293164	38	24	-0.21165128986457038	0.0	23	0	-0.07064861493117258	0.0	3	0	-0.2513359067141773	23	0	0.0	0	0	0.7882184845324836	False
guarded_feature_allocator_a002_refined_guard	two_feature_and	xny_max_median	>=	230.3	raw_mass_sum	>=	449.3558366293164	38	24	-0.21165128986457038	0.0	23	0	-0.07064861493117258	0.0	3	0	-0.2513359067141773	23	0	0.0	0	0	0.7882184845324836	False
guarded_feature_allocator_a002_refined_guard	two_feature_and	xny_max_median	>=	230.3	base_raw_mass	>=	449.3558366293164	38	24	-0.21165128986457038	0.0	23	0	-0.07064861493117258	0.0	3	0	-0.2513359067141773	23	0	0.0	0	0	0.7882184845324836	False
guarded_feature_allocator_a002_refined_guard	two_feature_and	xny_max_mean	>=	345.7788366336634	raw_mass_sum	>=	449.3558366293164	38	24	-0.21165128986457038	0.0	23	0	-0.07064861493117258	0.0	3	0	-0.2513359067141773	23	0	0.0	0	0	0.7882184845324836	False
guarded_feature_allocator_a002_refined_guard	two_feature_and	xny_max_mean	>=	345.7788366336634	base_raw_mass	>=	449.3558366293164	38	24	-0.21165128986457038	0.0	23	0	-0.07064861493117258	0.0	3	0	-0.2513359067141773	23	0	0.0	0	0	0.7882184845324836	False
guarded_feature_allocator_a002_refined_guard	two_feature_and	s_depth_median	>=	0.2253115	raw_mass_sum	>=	449.3558366293164	38	24	-0.21165128986457038	0.0	23	0	-0.07064861493117258	0.0	3	0	-0.2513359067141773	23	0	0.0	0	0	0.7882184845324836	False
guarded_feature_allocator_a002_refined_guard	two_feature_and	s_depth_median	>=	0.2253115	base_raw_mass	>=	449.3558366293164	38	24	-0.21165128986457038	0.0	23	0	-0.07064861493117258	0.0	3	0	-0.2513359067141773	23	0	0.0	0	0	0.7882184845324836	False
guarded_feature_allocator_a002_refined_guard	two_feature_and	u_depth_median	>=	0.12905	raw_mass_sum	>=	449.3558366293164	38	24	-0.21165128986457038	0.0	23	0	-0.07064861493117258	0.0	3	0	-0.2513359067141773	23	0	0.0	0	0	0.7882184845324836	False
guarded_feature_allocator_a002_refined_guard	two_feature_and	u_depth_median	>=	0.12905	base_raw_mass	>=	449.3558366293164	38	24	-0.21165128986457038	0.0	23	0	-0.07064861493117258	0.0	3	0	-0.2513359067141773	23	0	0.0	0	0	0.7882184845324836	False
guarded_feature_allocator_a002_refined_guard	two_feature_and	s_breadth_median	>=	0.11932904999999999	raw_mass_sum	>=	449.3558366293164	38	25	-0.21165128986457038	0.0	23	0	-0.07064861493117258	0.0	3	0	-0.2513359067141773	23	0	0.0	0	0	0.7882184845324836	False
guarded_feature_allocator_a002_refined_guard	two_feature_and	s_breadth_median	>=	0.11932904999999999	base_raw_mass	>=	449.3558366293164	38	25	-0.21165128986457038	0.0	23	0	-0.07064861493117258	0.0	3	0	-0.2513359067141773	23	0	0.0	0	0	0.7882184845324836	False
guarded_feature_allocator_a002_refined_guard	two_feature_and	s_breadth_median	>=	0.187603	raw_mass_sum	>=	449.3558366293164	38	23	-0.21165128986457038	0.0	23	0	-0.07064861493117258	0.0	3	0	-0.2513359067141773	23	0	0.0	0	0	0.7882184845324836	False
guarded_feature_allocator_a002_refined_guard	two_feature_and	s_breadth_median	>=	0.187603	base_raw_mass	>=	449.3558366293164	38	23	-0.21165128986457038	0.0	23	0	-0.07064861493117258	0.0	3	0	-0.2513359067141773	23	0	0.0	0	0	0.7882184845324836	False
guarded_feature_allocator_a002_refined_guard	two_feature_and	reported_ani_median	>=	0.9623946	raw_mass_sum	>=	449.3558366293164	38	24	-0.21165128986457038	0.0	23	0	-0.07064861493117258	0.0	3	0	-0.2513359067141773	23	0	0.0	0	0	0.7882184845324836	False
guarded_feature_allocator_a002_refined_guard	two_feature_and	reported_ani_median	>=	0.9623946	base_raw_mass	>=	449.3558366293164	38	24	-0.21165128986457038	0.0	23	0	-0.07064861493117258	0.0	3	0	-0.2513359067141773	23	0	0.0	0	0	0.7882184845324836	False
guarded_feature_allocator_a002_refined_guard	two_feature_and	s_depth_median	>=	0.2939449	raw_mass_sum	>=	449.3558366293164	38	23	-0.21165128986457038	0.0	23	0	-0.07064861493117258	0.0	3	0	-0.2513359067141773	23	0	0.0	0	0	0.7882184845324836	False
guarded_feature_allocator_a002_refined_guard	two_feature_and	s_depth_median	>=	0.2939449	base_raw_mass	>=	449.3558366293164	38	23	-0.21165128986457038	0.0	23	0	-0.07064861493117258	0.0	3	0	-0.2513359067141773	23	0	0.0	0	0	0.7882184845324836	False
guarded_feature_allocator_a002_refined_guard	single	candidate_call_frac	<=	0.0204207920792079				38	30	-0.2102286062963402	0.0002489100198779237	27	2	-0.11389297593176421	-2.063411077002364e-05	6	0	-0.24887129630390026	23	0	-0.004134259589353188	4	2	0.7804891811155994	False
guarded_feature_allocator_a002_refined_guard	single	top3_abundance	<=	0.679342364627628				38	30	-0.2097765127851134	0.0002489100198779237	26	2	-0.11418983425856609	-2.063411077002364e-05	6	0	-0.24867573217779984	23	0	-0.0023140093574523326	3	2	0.7798758693882023	False
guarded_feature_allocator_a002_refined_guard	single	base_raw_mass	>=	541.5317538638295				38	23	-0.20949970331953255	0.0	21	0	-0.06827044236524972	0.0	3	0	-0.2487808976919449	21	0	0.0	0	0	0.780205680608844	False
guarded_feature_allocator_a002_refined_guard	two_feature_and	raw_mass_sum	>=	237.28166942796472	base_raw_mass	>=	541.5317538638295	38	23	-0.20949970331953255	0.0	21	0	-0.06827044236524972	0.0	3	0	-0.2487808976919449	21	0	0.0	0	0	0.780205680608844	False
guarded_feature_allocator_a002_refined_guard	two_feature_and	raw_mass_sum	>=	449.3558366293164	base_raw_mass	>=	541.5317538638295	38	23	-0.20949970331953255	0.0	21	0	-0.06827044236524972	0.0	3	0	-0.2487808976919449	21	0	0.0	0	0	0.780205680608844	False
guarded_feature_allocator_a002_refined_guard	single	base_mass_multi_genus_frac	>=	0.7557925220625425				38	23	-0.20909135750227528	0.0002489100198779237	21	2	-0.08160329230635834	0.0	4	0	-0.24796908402428638	19	0	-0.0017434827182161345	2	2	0.7776597390153405	False
guarded_feature_allocator_a002_refined_guard	single	s_xny_mean	>=	470.0820473644003				38	26	-0.20837511596832528	0.0	26	0	-0.07640053198124365	0.0	4	0	-0.24701350790574866	24	0	-0.002303692302067321	2	0	0.774662941741699	False
guarded_feature_allocator_a002_refined_guard	single	xny_max_mean	>=	470.0820473644003				38	26	-0.20837511596832528	0.0	26	0	-0.07640053198124365	0.0	4	0	-0.24701350790574866	24	0	-0.002303692302067321	2	0	0.774662941741699	False
guarded_feature_allocator_a002_refined_guard	two_feature_and	s_xny_median	>=	230.3	s_xny_mean	>=	470.0820473644003	38	26	-0.20837511596832528	0.0	26	0	-0.07640053198124365	0.0	4	0	-0.24701350790574866	24	0	-0.002303692302067321	2	0	0.774662941741699	False
guarded_feature_allocator_a002_refined_guard	two_feature_and	s_xny_median	>=	230.3	xny_max_mean	>=	470.0820473644003	38	26	-0.20837511596832528	0.0	26	0	-0.07640053198124365	0.0	4	0	-0.24701350790574866	24	0	-0.002303692302067321	2	0	0.774662941741699	False
guarded_feature_allocator_a002_refined_guard	two_feature_and	s_xny_mean	>=	345.7788366336634	xny_max_mean	>=	470.0820473644003	38	26	-0.20837511596832528	0.0	26	0	-0.07640053198124365	0.0	4	0	-0.24701350790574866	24	0	-0.002303692302067321	2	0	0.774662941741699	False
guarded_feature_allocator_a002_refined_guard	two_feature_and	xny_max_median	>=	230.3	s_xny_mean	>=	470.0820473644003	38	26	-0.20837511596832528	0.0	26	0	-0.07640053198124365	0.0	4	0	-0.24701350790574866	24	0	-0.002303692302067321	2	0	0.774662941741699	False
guarded_feature_allocator_a002_refined_guard	two_feature_and	xny_max_median	>=	230.3	xny_max_mean	>=	470.0820473644003	38	26	-0.20837511596832528	0.0	26	0	-0.07640053198124365	0.0	4	0	-0.24701350790574866	24	0	-0.002303692302067321	2	0	0.774662941741699	False
guarded_feature_allocator_a002_refined_guard	two_feature_and	xny_max_mean	>=	345.7788366336634	s_xny_mean	>=	470.0820473644003	38	26	-0.20837511596832528	0.0	26	0	-0.07640053198124365	0.0	4	0	-0.24701350790574866	24	0	-0.002303692302067321	2	0	0.774662941741699	False
guarded_feature_allocator_a002_refined_guard	two_feature_and	s_depth_median	>=	0.2253115	s_xny_mean	>=	470.0820473644003	38	26	-0.20837511596832528	0.0	26	0	-0.07640053198124365	0.0	4	0	-0.24701350790574866	24	0	-0.002303692302067321	2	0	0.774662941741699	False
guarded_feature_allocator_a002_refined_guard	two_feature_and	s_depth_median	>=	0.2253115	xny_max_mean	>=	470.0820473644003	38	26	-0.20837511596832528	0.0	26	0	-0.07640053198124365	0.0	4	0	-0.24701350790574866	24	0	-0.002303692302067321	2	0	0.774662941741699	False
guarded_feature_allocator_a002_refined_guard	two_feature_and	u_depth_median	>=	0.12905	s_xny_mean	>=	470.0820473644003	38	26	-0.20837511596832528	0.0	26	0	-0.07640053198124365	0.0	4	0	-0.24701350790574866	24	0	-0.002303692302067321	2	0	0.774662941741699	False
guarded_feature_allocator_a002_refined_guard	two_feature_and	u_depth_median	>=	0.12905	xny_max_mean	>=	470.0820473644003	38	26	-0.20837511596832528	0.0	26	0	-0.07640053198124365	0.0	4	0	-0.24701350790574866	24	0	-0.002303692302067321	2	0	0.774662941741699	False
guarded_feature_allocator_a002_refined_guard	two_feature_and	s_breadth_median	>=	0.11932904999999999	s_xny_mean	>=	470.0820473644003	38	26	-0.20837511596832528	0.0	26	0	-0.07640053198124365	0.0	4	0	-0.24701350790574866	24	0	-0.002303692302067321	2	0	0.774662941741699	False
guarded_feature_allocator_a002_refined_guard	two_feature_and	s_breadth_median	>=	0.11932904999999999	xny_max_mean	>=	470.0820473644003	38	26	-0.20837511596832528	0.0	26	0	-0.07640053198124365	0.0	4	0	-0.24701350790574866	24	0	-0.002303692302067321	2	0	0.774662941741699	False
guarded_feature_allocator_a002_refined_guard	two_feature_and	s_xny_median	>=	297.90000000000003	s_xny_mean	>=	470.0820473644003	38	26	-0.20837511596832528	0.0	26	0	-0.07640053198124365	0.0	4	0	-0.24701350790574866	24	0	-0.002303692302067321	2	0	0.774662941741699	False
guarded_feature_allocator_a002_refined_guard	two_feature_and	s_xny_median	>=	297.90000000000003	xny_max_mean	>=	470.0820473644003	38	26	-0.20837511596832528	0.0	26	0	-0.07640053198124365	0.0	4	0	-0.24701350790574866	24	0	-0.002303692302067321	2	0	0.774662941741699	False
guarded_feature_allocator_a002_refined_guard	two_feature_and	s_xny_mean	>=	403.5382411725516	xny_max_mean	>=	470.0820473644003	38	26	-0.20837511596832528	0.0	26	0	-0.07640053198124365	0.0	4	0	-0.24701350790574866	24	0	-0.002303692302067321	2	0	0.774662941741699	False
guarded_feature_allocator_a002_refined_guard	two_feature_and	xny_max_median	>=	297.90000000000003	s_xny_mean	>=	470.0820473644003	38	26	-0.20837511596832528	0.0	26	0	-0.07640053198124365	0.0	4	0	-0.24701350790574866	24	0	-0.002303692302067321	2	0	0.774662941741699	False
guarded_feature_allocator_a002_refined_guard	two_feature_and	xny_max_median	>=	297.90000000000003	xny_max_mean	>=	470.0820473644003	38	26	-0.20837511596832528	0.0	26	0	-0.07640053198124365	0.0	4	0	-0.24701350790574866	24	0	-0.002303692302067321	2	0	0.774662941741699	False
guarded_feature_allocator_a002_refined_guard	two_feature_and	xny_max_mean	>=	403.5382411725516	s_xny_mean	>=	470.0820473644003	38	26	-0.20837511596832528	0.0	26	0	-0.07640053198124365	0.0	4	0	-0.24701350790574866	24	0	-0.002303692302067321	2	0	0.774662941741699	False
guarded_feature_allocator_a002_refined_guard	two_feature_and	s_xny_mean	>=	470.0820473644003	xny_max_mean	>=	470.0820473644003	38	26	-0.20837511596832528	0.0	26	0	-0.07640053198124365	0.0	4	0	-0.24701350790574866	24	0	-0.002303692302067321	2	0	0.774662941741699	False
guarded_feature_allocator_a002_refined_guard	two_feature_and	s_breadth_median	>=	0.187603	s_xny_mean	>=	470.0820473644003	38	25	-0.2081014582320888	0.0	25	0	-0.07582281009363327	0.0	4	0	-0.24701350790574866	24	0	-0.0005705266392361982	1	0	0.774662941741699	False
guarded_feature_allocator_a002_refined_guard	two_feature_and	s_breadth_median	>=	0.187603	xny_max_mean	>=	470.0820473644003	38	25	-0.2081014582320888	0.0	25	0	-0.07582281009363327	0.0	4	0	-0.24701350790574866	24	0	-0.0005705266392361982	1	0	0.774662941741699	False
guarded_feature_allocator_a002_refined_guard	two_feature_and	reported_ani_median	>=	0.9623946	s_xny_mean	>=	470.0820473644003	38	24	-0.20801137507852518	0.0	24	0	-0.0756326345472212	0.0	3	0	-0.24701350790574866	24	0	0.0	0	0	0.774662941741699	False
guarded_feature_allocator_a002_refined_guard	two_feature_and	reported_ani_median	>=	0.9623946	xny_max_mean	>=	470.0820473644003	38	24	-0.20801137507852518	0.0	24	0	-0.0756326345472212	0.0	3	0	-0.24701350790574866	24	0	0.0	0	0	0.774662941741699	False
guarded_feature_allocator_a002_refined_guard	two_feature_and	raw_mass_sum	>=	237.28166942796472	u_depth_median	>=	0.25335	38	23	-0.20785259955019555	0.0	23	0	-0.07017708908251698	0.0	4	0	-0.2464836650473758	22	0	-0.0018202502319008551	1	0	0.7730012932318346	False
guarded_feature_allocator_a002_refined_guard	two_feature_and	base_raw_mass	>=	237.28166942796472	u_depth_median	>=	0.25335	38	23	-0.20785259955019555	0.0	23	0	-0.07017708908251698	0.0	4	0	-0.2464836650473758	22	0	-0.0018202502319008551	1	0	0.7730012932318346	False
guarded_feature_allocator_a002_refined_guard	two_feature_and	raw_mass_sum	>=	237.28166942796472	u_xny_median	>=	197.2	38	22	-0.20756519161884276	0.0	22	0	-0.06957033900521668	0.0	3	0	-0.2464836650473758	22	0	0.0	0	0	0.7730012932318346	False
guarded_feature_allocator_a002_refined_guard	two_feature_and	raw_mass_sum	>=	237.28166942796472	u_breadth_median	>=	0.19720000000000001	38	22	-0.20756519161884276	0.0	22	0	-0.06957033900521668	0.0	3	0	-0.2464836650473758	22	0	0.0	0	0	0.7730012932318346	False
guarded_feature_allocator_a002_refined_guard	two_feature_and	base_raw_mass	>=	237.28166942796472	u_xny_median	>=	197.2	38	22	-0.20756519161884276	0.0	22	0	-0.06957033900521668	0.0	3	0	-0.2464836650473758	22	0	0.0	0	0	0.7730012932318346	False
guarded_feature_allocator_a002_refined_guard	two_feature_and	base_raw_mass	>=	237.28166942796472	u_breadth_median	>=	0.19720000000000001	38	22	-0.20756519161884276	0.0	22	0	-0.06957033900521668	0.0	3	0	-0.2464836650473758	22	0	0.0	0	0	0.7730012932318346	False
guarded_feature_allocator_a002_refined_guard	two_feature_and	u_xny_median	>=	133.4	reported_ani_median	>=	0.97873385	38	24	-0.20673357805573447	0.0	24	0	-0.10121332861665185	0.0	3	0	-0.2454961239411847	24	0	0.0	0	0	0.7699042500583708	False
guarded_feature_allocator_a002_refined_guard	two_feature_and	u_breadth_median	>=	0.13340000000000002	reported_ani_median	>=	0.97873385	38	24	-0.20673357805573447	0.0	24	0	-0.10121332861665185	0.0	3	0	-0.2454961239411847	24	0	0.0	0	0	0.7699042500583708	False
guarded_feature_allocator_a002_refined_guard	single	multi_species_genus_count	>=	5.0				38	27	-0.20630833200942172	0.0002489100198779237	23	2	-0.11216114918530129	-2.063411077002364e-05	6	0	-0.24466424125152278	21	0	-0.0017434827182161345	2	2	0.7672953696897581	False
guarded_feature_allocator_a002_refined_guard	single	u_xny_median	<=	567.9				38	30	-0.20614820077326074	0.0002489100198779237	26	2	-0.11281620225206268	-2.063411077002364e-05	6	0	-0.2440258147452434	22	0	-0.004134259589353188	4	2	0.7652931902962774	False
guarded_feature_allocator_a002_refined_guard	single	u_breadth_median	<=	0.5679000000000001				38	30	-0.20614820077326074	0.0002489100198779237	26	2	-0.11281620225206268	-2.063411077002364e-05	6	0	-0.2440258147452434	22	0	-0.004134259589353188	4	2	0.7652931902962774	False
guarded_feature_allocator_a002_refined_guard	two_feature_and	raw_mass_sum	>=	237.28166942796472	s_breadth_median	>=	0.24684294999999998	38	22	-0.20565312087492468	0.0	22	0	-0.056703849515420374	0.0	3	0	-0.24421308103897305	22	0	0.0	0	0	0.7658804790612507	False
guarded_feature_allocator_a002_refined_guard	two_feature_and	base_raw_mass	>=	237.28166942796472	s_breadth_median	>=	0.24684294999999998	38	22	-0.20565312087492468	0.0	22	0	-0.056703849515420374	0.0	3	0	-0.24421308103897305	22	0	0.0	0	0	0.7658804790612507	False
guarded_feature_allocator_a002_refined_guard	single	s_breadth_median	>=	0.2903986				38	23	-0.20557184092315	0.0	23	0	-0.07515527219266331	0.0	4	0	-0.24400958735138384	22	0	-0.0005705266392361982	1	0	0.7652422993115267	False
guarded_feature_allocator_a002_refined_guard	two_feature_and	s_xny_median	>=	230.3	s_breadth_median	>=	0.2903986	38	23	-0.20557184092315	0.0	23	0	-0.07515527219266331	0.0	4	0	-0.24400958735138384	22	0	-0.0005705266392361982	1	0	0.7652422993115267	False
guarded_feature_allocator_a002_refined_guard	two_feature_and	s_xny_mean	>=	345.7788366336634	s_breadth_median	>=	0.2903986	38	23	-0.20557184092315	0.0	23	0	-0.07515527219266331	0.0	4	0	-0.24400958735138384	22	0	-0.0005705266392361982	1	0	0.7652422993115267	False
guarded_feature_allocator_a002_refined_guard	two_feature_and	xny_max_median	>=	230.3	s_breadth_median	>=	0.2903986	38	23	-0.20557184092315	0.0	23	0	-0.07515527219266331	0.0	4	0	-0.24400958735138384	22	0	-0.0005705266392361982	1	0	0.7652422993115267	False
guarded_feature_allocator_a002_refined_guard	two_feature_and	xny_max_mean	>=	345.7788366336634	s_breadth_median	>=	0.2903986	38	23	-0.20557184092315	0.0	23	0	-0.07515527219266331	0.0	4	0	-0.24400958735138384	22	0	-0.0005705266392361982	1	0	0.7652422993115267	False
guarded_feature_allocator_a002_refined_guard	two_feature_and	s_depth_median	>=	0.2253115	s_breadth_median	>=	0.2903986	38	23	-0.20557184092315	0.0	23	0	-0.07515527219266331	0.0	4	0	-0.24400958735138384	22	0	-0.0005705266392361982	1	0	0.7652422993115267	False
guarded_feature_allocator_a002_refined_guard	two_feature_and	u_depth_median	>=	0.12905	s_breadth_median	>=	0.2903986	38	23	-0.20557184092315	0.0	23	0	-0.07515527219266331	0.0	4	0	-0.24400958735138384	22	0	-0.0005705266392361982	1	0	0.7652422993115267	False
guarded_feature_allocator_a002_refined_guard	two_feature_and	s_depth_median	>=	0.2939449	s_breadth_median	>=	0.2903986	38	23	-0.20557184092315	0.0	23	0	-0.07515527219266331	0.0	4	0	-0.24400958735138384	22	0	-0.0005705266392361982	1	0	0.7652422993115267	False
guarded_feature_allocator_a002_refined_guard	two_feature_and	s_xny_median	>=	297.90000000000003	s_breadth_median	>=	0.2903986	38	23	-0.20557184092315	0.0	23	0	-0.07515527219266331	0.0	4	0	-0.24400958735138384	22	0	-0.0005705266392361982	1	0	0.7652422993115267	False
guarded_feature_allocator_a002_refined_guard	two_feature_and	s_xny_mean	>=	403.5382411725516	s_breadth_median	>=	0.2903986	38	23	-0.20557184092315	0.0	23	0	-0.07515527219266331	0.0	4	0	-0.24400958735138384	22	0	-0.0005705266392361982	1	0	0.7652422993115267	False
guarded_feature_allocator_a002_refined_guard	two_feature_and	xny_max_median	>=	297.90000000000003	s_breadth_median	>=	0.2903986	38	23	-0.20557184092315	0.0	23	0	-0.07515527219266331	0.0	4	0	-0.24400958735138384	22	0	-0.0005705266392361982	1	0	0.7652422993115267	False
guarded_feature_allocator_a002_refined_guard	two_feature_and	xny_max_mean	>=	403.5382411725516	s_breadth_median	>=	0.2903986	38	23	-0.20557184092315	0.0	23	0	-0.07515527219266331	0.0	4	0	-0.24400958735138384	22	0	-0.0005705266392361982	1	0	0.7652422993115267	False
guarded_feature_allocator_a002_refined_guard	two_feature_and	u_xny_median	>=	133.4	s_breadth_median	>=	0.2903986	38	23	-0.20557184092315	0.0	23	0	-0.07515527219266331	0.0	4	0	-0.24400958735138384	22	0	-0.0005705266392361982	1	0	0.7652422993115267	False
guarded_feature_allocator_a002_refined_guard	two_feature_and	u_breadth_median	>=	0.13340000000000002	s_breadth_median	>=	0.2903986	38	23	-0.20557184092315	0.0	23	0	-0.07515527219266331	0.0	4	0	-0.24400958735138384	22	0	-0.0005705266392361982	1	0	0.7652422993115267	False
guarded_feature_allocator_a002_refined_guard	two_feature_and	u_depth_median	>=	0.201	s_breadth_median	>=	0.2903986	38	23	-0.20557184092315	0.0	23	0	-0.07515527219266331	0.0	4	0	-0.24400958735138384	22	0	-0.0005705266392361982	1	0	0.7652422993115267	False
guarded_feature_allocator_a002_refined_guard	two_feature_and	u_xny_median	>=	197.2	s_breadth_median	>=	0.2903986	38	23	-0.20557184092315	0.0	23	0	-0.07515527219266331	0.0	4	0	-0.24400958735138384	22	0	-0.0005705266392361982	1	0	0.7652422993115267	False
guarded_feature_allocator_a002_refined_guard	two_feature_and	u_breadth_median	>=	0.19720000000000001	s_breadth_median	>=	0.2903986	38	23	-0.20557184092315	0.0	23	0	-0.07515527219266331	0.0	4	0	-0.24400958735138384	22	0	-0.0005705266392361982	1	0	0.7652422993115267	False
guarded_feature_allocator_a002_refined_guard	two_feature_and	u_depth_median	>=	0.25335	s_breadth_median	>=	0.2903986	38	23	-0.20557184092315	0.0	23	0	-0.07515527219266331	0.0	4	0	-0.24400958735138384	22	0	-0.0005705266392361982	1	0	0.7652422993115267	False
guarded_feature_allocator_a002_refined_guard	two_feature_and	reported_ani_median	>=	0.9623946	s_breadth_median	>=	0.2903986	38	22	-0.20548175776958638	0.0	22	0	-0.07496509664625124	0.0	3	0	-0.24400958735138384	22	0	0.0	0	0	0.7652422993115267	False
guarded_feature_allocator_a002_refined_guard	single	s_zip_median	<=	0.7845619				38	30	-0.20532205886277183	0.0002489100198779237	26	2	-0.09429172463094408	0.0	5	0	-0.2430447712265378	22	0	-0.004134259589353188	4	2	0.7622165243089781	False
guarded_feature_allocator_a002_refined_guard	single	probability_mean	<=	0.825185668957608				38	26	-0.2052481552262871	0.0002489100198779237	22	2	-0.09753550614001581	-2.063411077002364e-05	6	0	-0.24295701065821218	18	0	-0.004134259589353188	4	2	0.7619412970122831	False
guarded_feature_allocator_a002_refined_guard	two_feature_and	s_xny_median	>=	297.90000000000003	raw_mass_sum	>=	449.3558366293164	38	22	-0.2049591252094509	0.0	22	0	-0.056520711770364794	0.0	3	0	-0.24338896118622294	22	0	0.0	0	0	0.7632959438474002	False
guarded_feature_allocator_a002_refined_guard	two_feature_and	s_xny_median	>=	297.90000000000003	base_raw_mass	>=	449.3558366293164	38	22	-0.2049591252094509	0.0	22	0	-0.056520711770364794	0.0	3	0	-0.24338896118622294	22	0	0.0	0	0	0.7632959438474002	False
guarded_feature_allocator_a002_refined_guard	two_feature_and	s_xny_mean	>=	403.5382411725516	raw_mass_sum	>=	449.3558366293164	38	22	-0.2049591252094509	0.0	22	0	-0.056520711770364794	0.0	3	0	-0.24338896118622294	22	0	0.0	0	0	0.7632959438474002	False
guarded_feature_allocator_a002_refined_guard	two_feature_and	s_xny_mean	>=	403.5382411725516	base_raw_mass	>=	449.3558366293164	38	22	-0.2049591252094509	0.0	22	0	-0.056520711770364794	0.0	3	0	-0.24338896118622294	22	0	0.0	0	0	0.7632959438474002	False
guarded_feature_allocator_a002_refined_guard	two_feature_and	xny_max_median	>=	297.90000000000003	raw_mass_sum	>=	449.3558366293164	38	22	-0.2049591252094509	0.0	22	0	-0.056520711770364794	0.0	3	0	-0.24338896118622294	22	0	0.0	0	0	0.7632959438474002	False
guarded_feature_allocator_a002_refined_guard	two_feature_and	xny_max_median	>=	297.90000000000003	base_raw_mass	>=	449.3558366293164	38	22	-0.2049591252094509	0.0	22	0	-0.056520711770364794	0.0	3	0	-0.24338896118622294	22	0	0.0	0	0	0.7632959438474002	False
guarded_feature_allocator_a002_refined_guard	two_feature_and	xny_max_mean	>=	403.5382411725516	raw_mass_sum	>=	449.3558366293164	38	22	-0.2049591252094509	0.0	22	0	-0.056520711770364794	0.0	3	0	-0.24338896118622294	22	0	0.0	0	0	0.7632959438474002	False
guarded_feature_allocator_a002_refined_guard	two_feature_and	xny_max_mean	>=	403.5382411725516	base_raw_mass	>=	449.3558366293164	38	22	-0.2049591252094509	0.0	22	0	-0.056520711770364794	0.0	3	0	-0.24338896118622294	22	0	0.0	0	0	0.7632959438474002	False
guarded_feature_allocator_a002_refined_guard	single	u_depth_median	>=	0.28400000000000003				38	23	-0.20450128893957167	0.0	23	0	-0.07540367173685678	0.0	4	0	-0.24239700995240315	21	0	-0.0023907768711370534	2	0	0.7601850700034145	False
guarded_feature_allocator_a002_refined_guard	two_feature_and	s_xny_median	>=	230.3	u_depth_median	>=	0.28400000000000003	38	23	-0.20450128893957167	0.0	23	0	-0.07540367173685678	0.0	4	0	-0.24239700995240315	21	0	-0.0023907768711370534	2	0	0.7601850700034145	False
guarded_feature_allocator_a002_refined_guard	two_feature_and	s_xny_mean	>=	345.7788366336634	u_depth_median	>=	0.28400000000000003	38	23	-0.20450128893957167	0.0	23	0	-0.07540367173685678	0.0	4	0	-0.24239700995240315	21	0	-0.0023907768711370534	2	0	0.7601850700034145	False
guarded_feature_allocator_a002_refined_guard	two_feature_and	xny_max_median	>=	230.3	u_depth_median	>=	0.28400000000000003	38	23	-0.20450128893957167	0.0	23	0	-0.07540367173685678	0.0	4	0	-0.24239700995240315	21	0	-0.0023907768711370534	2	0	0.7601850700034145	False
guarded_feature_allocator_a002_refined_guard	two_feature_and	xny_max_mean	>=	345.7788366336634	u_depth_median	>=	0.28400000000000003	38	23	-0.20450128893957167	0.0	23	0	-0.07540367173685678	0.0	4	0	-0.24239700995240315	21	0	-0.0023907768711370534	2	0	0.7601850700034145	False
guarded_feature_allocator_a002_refined_guard	two_feature_and	s_depth_median	>=	0.2253115	u_depth_median	>=	0.28400000000000003	38	23	-0.20450128893957167	0.0	23	0	-0.07540367173685678	0.0	4	0	-0.24239700995240315	21	0	-0.0023907768711370534	2	0	0.7601850700034145	False
guarded_feature_allocator_a002_refined_guard	two_feature_and	s_depth_median	>=	0.2939449	u_depth_median	>=	0.28400000000000003	38	23	-0.20450128893957167	0.0	23	0	-0.07540367173685678	0.0	4	0	-0.24239700995240315	21	0	-0.0023907768711370534	2	0	0.7601850700034145	False
guarded_feature_allocator_a002_refined_guard	two_feature_and	s_xny_median	>=	297.90000000000003	u_depth_median	>=	0.28400000000000003	38	23	-0.20450128893957167	0.0	23	0	-0.07540367173685678	0.0	4	0	-0.24239700995240315	21	0	-0.0023907768711370534	2	0	0.7601850700034145	False
guarded_feature_allocator_a002_refined_guard	two_feature_and	s_xny_mean	>=	403.5382411725516	u_depth_median	>=	0.28400000000000003	38	23	-0.20450128893957167	0.0	23	0	-0.07540367173685678	0.0	4	0	-0.24239700995240315	21	0	-0.0023907768711370534	2	0	0.7601850700034145	False
guarded_feature_allocator_a002_refined_guard	two_feature_and	xny_max_median	>=	297.90000000000003	u_depth_median	>=	0.28400000000000003	38	23	-0.20450128893957167	0.0	23	0	-0.07540367173685678	0.0	4	0	-0.24239700995240315	21	0	-0.0023907768711370534	2	0	0.7601850700034145	False
guarded_feature_allocator_a002_refined_guard	two_feature_and	xny_max_mean	>=	403.5382411725516	u_depth_median	>=	0.28400000000000003	38	23	-0.20450128893957167	0.0	23	0	-0.07540367173685678	0.0	4	0	-0.24239700995240315	21	0	-0.0023907768711370534	2	0	0.7601850700034145	False
guarded_feature_allocator_a002_refined_guard	two_feature_and	s_breadth_median	>=	0.11932904999999999	u_depth_median	>=	0.28400000000000003	38	22	-0.2042138810082189	0.0	22	0	-0.0747969216595565	0.0	4	0	-0.24239700995240315	21	0	-0.0005705266392361982	1	0	0.7601850700034145	False
guarded_feature_allocator_a002_refined_guard	two_feature_and	s_breadth_median	>=	0.187603	u_depth_median	>=	0.28400000000000003	38	22	-0.2042138810082189	0.0	22	0	-0.0747969216595565	0.0	4	0	-0.24239700995240315	21	0	-0.0005705266392361982	1	0	0.7601850700034145	False
guarded_feature_allocator_a002_refined_guard	two_feature_and	u_xny_median	>=	133.4	u_depth_median	>=	0.28400000000000003	38	22	-0.2042138810082189	0.0	22	0	-0.0747969216595565	0.0	4	0	-0.24239700995240315	21	0	-0.0005705266392361982	1	0	0.7601850700034145	False
guarded_feature_allocator_a002_refined_guard	two_feature_and	u_breadth_median	>=	0.13340000000000002	u_depth_median	>=	0.28400000000000003	38	22	-0.2042138810082189	0.0	22	0	-0.0747969216595565	0.0	4	0	-0.24239700995240315	21	0	-0.0005705266392361982	1	0	0.7601850700034145	False
guarded_feature_allocator_a002_refined_guard	two_feature_and	u_xny_median	>=	197.2	u_depth_median	>=	0.28400000000000003	38	22	-0.2042138810082189	0.0	22	0	-0.0747969216595565	0.0	4	0	-0.24239700995240315	21	0	-0.0005705266392361982	1	0	0.7601850700034145	False
guarded_feature_allocator_a002_refined_guard	two_feature_and	u_breadth_median	>=	0.19720000000000001	u_depth_median	>=	0.28400000000000003	38	22	-0.2042138810082189	0.0	22	0	-0.0747969216595565	0.0	4	0	-0.24239700995240315	21	0	-0.0005705266392361982	1	0	0.7601850700034145	False
guarded_feature_allocator_a002_refined_guard	two_feature_and	s_breadth_median	>=	0.24684294999999998	u_depth_median	>=	0.28400000000000003	38	22	-0.2042138810082189	0.0	22	0	-0.0747969216595565	0.0	4	0	-0.24239700995240315	21	0	-0.0005705266392361982	1	0	0.7601850700034145	False
guarded_feature_allocator_a002_refined_guard	two_feature_and	u_xny_median	>=	239.6	s_breadth_median	>=	0.2903986	38	22	-0.2042138810082189	0.0	22	0	-0.0747969216595565	0.0	4	0	-0.24239700995240315	21	0	-0.0005705266392361982	1	0	0.7601850700034145	False
guarded_feature_allocator_a002_refined_guard	two_feature_and	u_xny_median	>=	239.6	u_depth_median	>=	0.28400000000000003	38	22	-0.2042138810082189	0.0	22	0	-0.0747969216595565	0.0	4	0	-0.24239700995240315	21	0	-0.0005705266392361982	1	0	0.7601850700034145	False
guarded_feature_allocator_a002_refined_guard	two_feature_and	u_breadth_median	>=	0.23959999999999998	s_breadth_median	>=	0.2903986	38	22	-0.2042138810082189	0.0	22	0	-0.0747969216595565	0.0	4	0	-0.24239700995240315	21	0	-0.0005705266392361982	1	0	0.7601850700034145	False
guarded_feature_allocator_a002_refined_guard	two_feature_and	u_breadth_median	>=	0.23959999999999998	u_depth_median	>=	0.28400000000000003	38	22	-0.2042138810082189	0.0	22	0	-0.0747969216595565	0.0	4	0	-0.24239700995240315	21	0	-0.0005705266392361982	1	0	0.7601850700034145	False
guarded_feature_allocator_a002_refined_guard	two_feature_and	s_breadth_median	>=	0.2903986	u_depth_median	>=	0.28400000000000003	38	22	-0.2042138810082189	0.0	22	0	-0.0747969216595565	0.0	4	0	-0.24239700995240315	21	0	-0.0005705266392361982	1	0	0.7601850700034145	False
guarded_feature_allocator_a002_refined_guard	single	s_depth_median	<=	1.907160849999999				38	26	-0.20413683684226455	0.0002489100198779237	22	2	-0.11211902205605034	-2.063411077002364e-05	6	0	-0.24174429382204224	19	0	-0.00356373295011699	3	2	0.7581380766954187	False
guarded_feature_allocator_a002_refined_guard	two_feature_and	reported_ani_median	>=	0.9623946	u_depth_median	>=	0.28400000000000003	38	21	-0.2041237978546553	0.0	21	0	-0.07460674611314443	0.0	3	0	-0.24239700995240315	21	0	0.0	0	0	0.7601850700034145	False
guarded_feature_allocator_a002_refined_guard	two_feature_and	s_depth_median	>=	0.2939449	s_xny_mean	>=	470.0820473644003	38	25	-0.20375058600154108	0.0	25	0	-0.07518016990667559	0.0	4	0	-0.24152187857019242	23	0	-0.002303692302067321	2	0	0.7574405567308345	False
guarded_feature_allocator_a002_refined_guard	two_feature_and	s_depth_median	>=	0.2939449	xny_max_mean	>=	470.0820473644003	38	25	-0.20375058600154108	0.0	25	0	-0.07518016990667559	0.0	4	0	-0.24152187857019242	23	0	-0.002303692302067321	2	0	0.7574405567308345	False
guarded_feature_allocator_a002_refined_guard	two_feature_and	s_xny_median	>=	391.0	s_xny_mean	>=	470.0820473644003	38	24	-0.2034769282653046	0.0	24	0	-0.07460244801906522	0.0	4	0	-0.24152187857019242	23	0	-0.0005705266392361982	1	0	0.7574405567308345	False
guarded_feature_allocator_a002_refined_guard	two_feature_and	s_xny_median	>=	391.0	xny_max_mean	>=	470.0820473644003	38	24	-0.2034769282653046	0.0	24	0	-0.07460244801906522	0.0	4	0	-0.24152187857019242	23	0	-0.0005705266392361982	1	0	0.7574405567308345	False
guarded_feature_allocator_a002_refined_guard	two_feature_and	xny_max_median	>=	391.0	s_xny_mean	>=	470.0820473644003	38	24	-0.2034769282653046	0.0	24	0	-0.07460244801906522	0.0	4	0	-0.24152187857019242	23	0	-0.0005705266392361982	1	0	0.7574405567308345	False
guarded_feature_allocator_a002_refined_guard	two_feature_and	xny_max_median	>=	391.0	xny_max_mean	>=	470.0820473644003	38	24	-0.2034769282653046	0.0	24	0	-0.07460244801906522	0.0	4	0	-0.24152187857019242	23	0	-0.0005705266392361982	1	0	0.7574405567308345	False
guarded_feature_allocator_a002_refined_guard	two_feature_and	s_depth_median	>=	0.5563099	s_xny_mean	>=	470.0820473644003	38	24	-0.2034769282653046	0.0	24	0	-0.07460244801906522	0.0	4	0	-0.24152187857019242	23	0	-0.0005705266392361982	1	0	0.7574405567308345	False
guarded_feature_allocator_a002_refined_guard	two_feature_and	s_depth_median	>=	0.5563099	xny_max_mean	>=	470.0820473644003	38	24	-0.2034769282653046	0.0	24	0	-0.07460244801906522	0.0	4	0	-0.24152187857019242	23	0	-0.0005705266392361982	1	0	0.7574405567308345	False
guarded_feature_allocator_a002_refined_guard	two_feature_and	raw_mass_sum	>=	237.28166942796472	reported_ani_median	>=	0.97873385	38	23	-0.2033823028609077	0.0	23	0	-0.08202249637883298	0.0	3	0	-0.2415164846473279	23	0	0.0	0	0	0.7574236407646221	False
guarded_feature_allocator_a002_refined_guard	two_feature_and	base_raw_mass	>=	237.28166942796472	reported_ani_median	>=	0.97873385	38	23	-0.2033823028609077	0.0	23	0	-0.08202249637883298	0.0	3	0	-0.2415164846473279	23	0	0.0	0	0	0.7574236407646221	False
guarded_feature_allocator_a002_refined_guard	two_feature_and	s_xny_median	>=	230.3	base_raw_mass	>=	541.5317538638295	38	21	-0.203274902944697	0.0	20	0	-0.05512919712948581	0.0	2	0	-0.2413889472468277	20	0	0.0	0	0	0.7570236687198088	False
guarded_feature_allocator_a002_refined_guard	two_feature_and	s_xny_mean	>=	345.7788366336634	base_raw_mass	>=	541.5317538638295	38	21	-0.203274902944697	0.0	20	0	-0.05512919712948581	0.0	2	0	-0.2413889472468277	20	0	0.0	0	0	0.7570236687198088	False
guarded_feature_allocator_a002_refined_guard	two_feature_and	xny_max_median	>=	230.3	base_raw_mass	>=	541.5317538638295	38	21	-0.203274902944697	0.0	20	0	-0.05512919712948581	0.0	2	0	-0.2413889472468277	20	0	0.0	0	0	0.7570236687198088	False
guarded_feature_allocator_a002_refined_guard	two_feature_and	xny_max_mean	>=	345.7788366336634	base_raw_mass	>=	541.5317538638295	38	21	-0.203274902944697	0.0	20	0	-0.05512919712948581	0.0	2	0	-0.2413889472468277	20	0	0.0	0	0	0.7570236687198088	False
guarded_feature_allocator_a002_refined_guard	two_feature_and	s_depth_median	>=	0.2253115	base_raw_mass	>=	541.5317538638295	38	21	-0.203274902944697	0.0	20	0	-0.05512919712948581	0.0	2	0	-0.2413889472468277	20	0	0.0	0	0	0.7570236687198088	False
guarded_feature_allocator_a002_refined_guard	two_feature_and	u_depth_median	>=	0.12905	base_raw_mass	>=	541.5317538638295	38	21	-0.203274902944697	0.0	20	0	-0.05512919712948581	0.0	2	0	-0.2413889472468277	20	0	0.0	0	0	0.7570236687198088	False
guarded_feature_allocator_a002_refined_guard	two_feature_and	s_breadth_median	>=	0.11932904999999999	base_raw_mass	>=	541.5317538638295	38	22	-0.203274902944697	0.0	20	0	-0.05512919712948581	0.0	2	0	-0.2413889472468277	20	0	0.0	0	0	0.7570236687198088	False
guarded_feature_allocator_a002_refined_guard	two_feature_and	s_breadth_median	>=	0.187603	base_raw_mass	>=	541.5317538638295	38	20	-0.203274902944697	0.0	20	0	-0.05512919712948581	0.0	2	0	-0.2413889472468277	20	0	0.0	0	0	0.7570236687198088	False
guarded_feature_allocator_a002_refined_guard	two_feature_and	reported_ani_median	>=	0.9623946	base_raw_mass	>=	541.5317538638295	38	21	-0.203274902944697	0.0	20	0	-0.05512919712948581	0.0	2	0	-0.2413889472468277	20	0	0.0	0	0	0.7570236687198088	False
guarded_feature_allocator_a002_refined_guard	two_feature_and	s_depth_median	>=	0.2939449	base_raw_mass	>=	541.5317538638295	38	20	-0.203274902944697	0.0	20	0	-0.05512919712948581	0.0	2	0	-0.2413889472468277	20	0	0.0	0	0	0.7570236687198088	False
guarded_feature_allocator_a002_refined_guard	two_feature_and	s_xny_median	>=	297.90000000000003	base_raw_mass	>=	541.5317538638295	38	20	-0.203274902944697	0.0	20	0	-0.05512919712948581	0.0	2	0	-0.2413889472468277	20	0	0.0	0	0	0.7570236687198088	False
guarded_feature_allocator_a002_refined_guard	two_feature_and	s_xny_mean	>=	403.5382411725516	base_raw_mass	>=	541.5317538638295	38	20	-0.203274902944697	0.0	20	0	-0.05512919712948581	0.0	2	0	-0.2413889472468277	20	0	0.0	0	0	0.7570236687198088	False
guarded_feature_allocator_a002_refined_guard	two_feature_and	xny_max_median	>=	297.90000000000003	base_raw_mass	>=	541.5317538638295	38	20	-0.203274902944697	0.0	20	0	-0.05512919712948581	0.0	2	0	-0.2413889472468277	20	0	0.0	0	0	0.7570236687198088	False
guarded_feature_allocator_a002_refined_guard	two_feature_and	xny_max_mean	>=	403.5382411725516	base_raw_mass	>=	541.5317538638295	38	20	-0.203274902944697	0.0	20	0	-0.05512919712948581	0.0	2	0	-0.2413889472468277	20	0	0.0	0	0	0.7570236687198088	False
guarded_feature_allocator_a002_refined_guard	single	top1_abundance	>=	0.23472276123440936				38	26	-0.20262219078876856	6.098692977363207e-05	24	1	-0.08153455432626	2.032897659121069e-05	4	1	-0.23984251817809907	21	0	-0.004113778045672571	3	1	0.7521738882291269	False
guarded_feature_allocator_a002_refined_guard	single	base_mass_multi_genus_frac	>=	0.8233634393428659				38	19	-0.2023975638384108	0.0	19	0	-0.06747195012708887	0.0	3	0	-0.240022138496332	18	0	-0.0017331656628311227	1	0	0.7527371983302571	False
guarded_feature_allocator_a002_refined_guard	two_feature_and	s_xny_median	>=	230.3	base_mass_multi_genus_frac	>=	0.8233634393428659	38	19	-0.2023975638384108	0.0	19	0	-0.06747195012708887	0.0	3	0	-0.240022138496332	18	0	-0.0017331656628311227	1	0	0.7527371983302571	False
guarded_feature_allocator_a002_refined_guard	two_feature_and	s_xny_mean	>=	345.7788366336634	base_mass_multi_genus_frac	>=	0.8233634393428659	38	19	-0.2023975638384108	0.0	19	0	-0.06747195012708887	0.0	3	0	-0.240022138496332	18	0	-0.0017331656628311227	1	0	0.7527371983302571	False
guarded_feature_allocator_a002_refined_guard	two_feature_and	xny_max_median	>=	230.3	base_mass_multi_genus_frac	>=	0.8233634393428659	38	19	-0.2023975638384108	0.0	19	0	-0.06747195012708887	0.0	3	0	-0.240022138496332	18	0	-0.0017331656628311227	1	0	0.7527371983302571	False
guarded_feature_allocator_a002_refined_guard	two_feature_and	xny_max_mean	>=	345.7788366336634	base_mass_multi_genus_frac	>=	0.8233634393428659	38	19	-0.2023975638384108	0.0	19	0	-0.06747195012708887	0.0	3	0	-0.240022138496332	18	0	-0.0017331656628311227	1	0	0.7527371983302571	False
guarded_feature_allocator_a002_refined_guard	two_feature_and	s_depth_median	>=	0.2253115	base_mass_multi_genus_frac	>=	0.8233634393428659	38	19	-0.2023975638384108	0.0	19	0	-0.06747195012708887	0.0	3	0	-0.240022138496332	18	0	-0.0017331656628311227	1	0	0.7527371983302571	False
guarded_feature_allocator_a002_refined_guard	two_feature_and	u_depth_median	>=	0.12905	base_mass_multi_genus_frac	>=	0.8233634393428659	38	19	-0.2023975638384108	0.0	19	0	-0.06747195012708887	0.0	3	0	-0.240022138496332	18	0	-0.0017331656628311227	1	0	0.7527371983302571	False
guarded_feature_allocator_a002_refined_guard	two_feature_and	s_breadth_median	>=	0.11932904999999999	base_mass_multi_genus_frac	>=	0.8233634393428659	38	19	-0.2023975638384108	0.0	19	0	-0.06747195012708887	0.0	3	0	-0.240022138496332	18	0	-0.0017331656628311227	1	0	0.7527371983302571	False
guarded_feature_allocator_a002_refined_guard	two_feature_and	s_breadth_median	>=	0.187603	base_mass_multi_genus_frac	>=	0.8233634393428659	38	18	-0.20212390610217432	0.0	18	0	-0.06689422823947849	0.0	2	0	-0.240022138496332	18	0	0.0	0	0	0.7527371983302571	False
guarded_feature_allocator_a002_refined_guard	two_feature_and	reported_ani_median	>=	0.9623946	base_mass_multi_genus_frac	>=	0.8233634393428659	38	18	-0.20212390610217432	0.0	18	0	-0.06689422823947849	0.0	2	0	-0.240022138496332	18	0	0.0	0	0	0.7527371983302571	False
guarded_feature_allocator_a002_refined_guard	single	top3_abundance	>=	0.521126890473626				38	26	-0.2021168619542666	6.098692977363207e-05	25	1	-0.08194134541522159	2.032897659121069e-05	3	1	-0.23924244018712798	22	0	-0.004113778045672571	3	1	0.750291974216807	False
guarded_feature_allocator_a002_refined_guard	single	s_xny_median	<=	833.5				38	30	-0.20199619178014558	0.0002489100198779237	26	2	-0.11266760031100402	-2.063411077002364e-05	6	0	-0.23909530406591914	22	0	-0.004134259589353188	4	2	0.7498305383161615	False
guarded_feature_allocator_a002_refined_guard	single	xny_max_median	<=	833.5				38	30	-0.20199619178014558	0.0002489100198779237	26	2	-0.11266760031100402	-2.063411077002364e-05	6	0	-0.23909530406591914	22	0	-0.004134259589353188	4	2	0.7498305383161615	False
guarded_feature_allocator_a002_refined_guard	two_feature_and	u_depth_median	>=	0.201	reported_ani_median	>=	0.97873385	38	23	-0.2019534841445331	0.0	23	0	-0.09995191494564037	0.0	3	0	-0.23981976242163305	23	0	0.0	0	0	0.7521025235438715	False
guarded_feature_allocator_a002_refined_guard	single	s_zip_median	>=	0.64105375				38	26	-0.20058573732515006	0.0	26	0	-0.09960905533339853	0.0	4	0	-0.2381839443460544	25	0	-6.196654699360445e-05	1	0	0.7469724087848619	False
guarded_feature_allocator_a002_refined_guard	two_feature_and	s_xny_median	>=	230.3	s_zip_median	>=	0.64105375	38	26	-0.20058573732515006	0.0	26	0	-0.09960905533339853	0.0	4	0	-0.2381839443460544	25	0	-6.196654699360445e-05	1	0	0.7469724087848619	False
guarded_feature_allocator_a002_refined_guard	two_feature_and	s_xny_mean	>=	345.7788366336634	s_zip_median	>=	0.64105375	38	26	-0.20058573732515006	0.0	26	0	-0.09960905533339853	0.0	4	0	-0.2381839443460544	25	0	-6.196654699360445e-05	1	0	0.7469724087848619	False
guarded_feature_allocator_a002_refined_guard	two_feature_and	xny_max_median	>=	230.3	s_zip_median	>=	0.64105375	38	26	-0.20058573732515006	0.0	26	0	-0.09960905533339853	0.0	4	0	-0.2381839443460544	25	0	-6.196654699360445e-05	1	0	0.7469724087848619	False
guarded_feature_allocator_a002_refined_guard	two_feature_and	xny_max_mean	>=	345.7788366336634	s_zip_median	>=	0.64105375	38	26	-0.20058573732515006	0.0	26	0	-0.09960905533339853	0.0	4	0	-0.2381839443460544	25	0	-6.196654699360445e-05	1	0	0.7469724087848619	False
guarded_feature_allocator_a002_refined_guard	two_feature_and	s_depth_median	>=	0.2253115	s_zip_median	>=	0.64105375	38	26	-0.20058573732515006	0.0	26	0	-0.09960905533339853	0.0	4	0	-0.2381839443460544	25	0	-6.196654699360445e-05	1	0	0.7469724087848619	False
guarded_feature_allocator_a002_refined_guard	two_feature_and	u_depth_median	>=	0.12905	s_zip_median	>=	0.64105375	38	26	-0.20058573732515006	0.0	26	0	-0.09960905533339853	0.0	4	0	-0.2381839443460544	25	0	-6.196654699360445e-05	1	0	0.7469724087848619	False
guarded_feature_allocator_a002_refined_guard	two_feature_and	s_breadth_median	>=	0.11932904999999999	s_zip_median	>=	0.64105375	38	26	-0.20058573732515006	0.0	26	0	-0.09960905533339853	0.0	4	0	-0.2381839443460544	25	0	-6.196654699360445e-05	1	0	0.7469724087848619	False
guarded_feature_allocator_a002_refined_guard	two_feature_and	s_breadth_median	>=	0.187603	s_zip_median	>=	0.64105375	38	25	-0.20057595313351947	0.0	25	0	-0.099588399817734	0.0	3	0	-0.2381839443460544	25	0	0.0	0	0	0.7469724087848619	False
guarded_feature_allocator_a002_refined_guard	two_feature_and	reported_ani_median	>=	0.9623946	s_zip_median	>=	0.64105375	38	25	-0.20057595313351947	0.0	25	0	-0.099588399817734	0.0	3	0	-0.2381839443460544	25	0	0.0	0	0	0.7469724087848619	False
guarded_feature_allocator_a002_refined_guard	two_feature_and	reported_ani_median	>=	0.97873385	s_zip_median	>=	0.64105375	38	25	-0.20057595313351947	0.0	25	0	-0.099588399817734	0.0	3	0	-0.2381839443460544	25	0	0.0	0	0	0.7469724087848619	False
guarded_feature_allocator_a002_refined_guard	single	n_calls	>=	32.3				38	26	-0.20024947038181834	0.0002489100198779237	22	2	-0.11100384336959361	0.0	5	0	-0.23779431163052459	21	0	-1.031705538501182e-05	1	2	0.7457504755061107	False
guarded_feature_allocator_a002_refined_guard	single	n_base_calls	>=	32.2				38	26	-0.20024947038181834	0.0002489100198779237	22	2	-0.11100384336959361	0.0	5	0	-0.23779431163052459	21	0	-1.031705538501182e-05	1	2	0.7457504755061107	False
guarded_feature_allocator_a002_refined_guard	single	u_depth_median	<=	0.68345				38	26	-0.19957022412776015	0.0002489100198779237	22	2	-0.09260747575053878	0.0	5	0	-0.23632144122356827	19	0	-0.00356373295011699	3	2	0.7411313834899266	False
guarded_feature_allocator_a002_refined_guard	two_feature_and	raw_mass_sum	>=	237.28166942796472	u_xny_median	>=	239.6	38	20	-0.19951506704879218	0.0	20	0	-0.05508408531130208	0.0	3	0	-0.23692414212044072	20	0	0.0	0	0	0.7430215232386391	False
guarded_feature_allocator_a002_refined_guard	two_feature_and	raw_mass_sum	>=	237.28166942796472	u_breadth_median	>=	0.23959999999999998	38	20	-0.19951506704879218	0.0	20	0	-0.05508408531130208	0.0	3	0	-0.23692414212044072	20	0	0.0	0	0	0.7430215232386391	False
guarded_feature_allocator_a002_refined_guard	two_feature_and	base_raw_mass	>=	237.28166942796472	u_xny_median	>=	239.6	38	20	-0.19951506704879218	0.0	20	0	-0.05508408531130208	0.0	3	0	-0.23692414212044072	20	0	0.0	0	0	0.7430215232386391	False
guarded_feature_allocator_a002_refined_guard	two_feature_and	base_raw_mass	>=	237.28166942796472	u_breadth_median	>=	0.23959999999999998	38	20	-0.19951506704879218	0.0	20	0	-0.05508408531130208	0.0	3	0	-0.23692414212044072	20	0	0.0	0	0	0.7430215232386391	False
guarded_feature_allocator_a002_refined_guard	two_feature_and	raw_mass_sum	>=	237.28166942796472	s_xny_median	>=	391.0	38	23	-0.19949549595270968	0.0	23	0	-0.05507892071650253	0.0	3	0	-0.23690090144384274	23	0	0.0	0	0	0.7429486377877417	False
guarded_feature_allocator_a002_refined_guard	two_feature_and	raw_mass_sum	>=	237.28166942796472	xny_max_median	>=	391.0	38	23	-0.19949549595270968	0.0	23	0	-0.05507892071650253	0.0	3	0	-0.23690090144384274	23	0	0.0	0	0	0.7429486377877417	False
guarded_feature_allocator_a002_refined_guard	two_feature_and	raw_mass_sum	>=	237.28166942796472	s_depth_median	>=	0.5563099	38	23	-0.19949549595270968	0.0	23	0	-0.05507892071650253	0.0	3	0	-0.23690090144384274	23	0	0.0	0	0	0.7429486377877417	False
guarded_feature_allocator_a002_refined_guard	two_feature_and	base_raw_mass	>=	237.28166942796472	s_xny_median	>=	391.0	38	23	-0.19949549595270968	0.0	23	0	-0.05507892071650253	0.0	3	0	-0.23690090144384274	23	0	0.0	0	0	0.7429486377877417	False
guarded_feature_allocator_a002_refined_guard	two_feature_and	base_raw_mass	>=	237.28166942796472	xny_max_median	>=	391.0	38	23	-0.19949549595270968	0.0	23	0	-0.05507892071650253	0.0	3	0	-0.23690090144384274	23	0	0.0	0	0	0.7429486377877417	False
guarded_feature_allocator_a002_refined_guard	two_feature_and	base_raw_mass	>=	237.28166942796472	s_depth_median	>=	0.5563099	38	23	-0.19949549595270968	0.0	23	0	-0.05507892071650253	0.0	3	0	-0.23690090144384274	23	0	0.0	0	0	0.7429486377877417	False
guarded_feature_allocator_a002_refined_guard	single	reported_ani_median	<=	0.9985587				38	26	-0.19852200660036337	0.0002489100198779237	22	2	-0.09249726639503074	0.0	5	0	-0.23496970916492776	18	0	-0.004134259589353188	4	2	0.7368921953504967	False
guarded_feature_allocator_a002_refined_guard	two_feature_and	u_xny_median	>=	133.4	s_xny_mean	>=	470.0820473644003	38	25	-0.19843041812613518	0.0	25	0	-0.07377623671733237	0.0	4	0	-0.2352041792181479	23	0	-0.002303692302067321	2	0	0.7376275205669911	False
guarded_feature_allocator_a002_refined_guard	two_feature_and	u_xny_median	>=	133.4	xny_max_mean	>=	470.0820473644003	38	25	-0.19843041812613518	0.0	25	0	-0.07377623671733237	0.0	4	0	-0.2352041792181479	23	0	-0.002303692302067321	2	0	0.7376275205669911	False
guarded_feature_allocator_a002_refined_guard	two_feature_and	u_breadth_median	>=	0.13340000000000002	s_xny_mean	>=	470.0820473644003	38	25	-0.19843041812613518	0.0	25	0	-0.07377623671733237	0.0	4	0	-0.2352041792181479	23	0	-0.002303692302067321	2	0	0.7376275205669911	False
guarded_feature_allocator_a002_refined_guard	two_feature_and	u_breadth_median	>=	0.13340000000000002	xny_max_mean	>=	470.0820473644003	38	25	-0.19843041812613518	0.0	25	0	-0.07377623671733237	0.0	4	0	-0.2352041792181479	23	0	-0.002303692302067321	2	0	0.7376275205669911	False
guarded_feature_allocator_a002_refined_guard	two_feature_and	u_depth_median	>=	0.201	s_xny_mean	>=	470.0820473644003	38	25	-0.19843041812613518	0.0	25	0	-0.07377623671733237	0.0	4	0	-0.2352041792181479	23	0	-0.002303692302067321	2	0	0.7376275205669911	False
guarded_feature_allocator_a002_refined_guard	two_feature_and	u_depth_median	>=	0.201	xny_max_mean	>=	470.0820473644003	38	25	-0.19843041812613518	0.0	25	0	-0.07377623671733237	0.0	4	0	-0.2352041792181479	23	0	-0.002303692302067321	2	0	0.7376275205669911	False
guarded_feature_allocator_a002_refined_guard	two_feature_and	u_xny_median	>=	133.4	s_xny_median	>=	391.0	38	24	-0.19831232433431586	0.0	24	0	-0.07323956642616541	0.0	4	0	-0.2353889114021433	23	0	-0.0005705266392361982	1	0	0.738206862070626	False
guarded_feature_allocator_a002_refined_guard	two_feature_and	u_xny_median	>=	133.4	xny_max_median	>=	391.0	38	24	-0.19831232433431586	0.0	24	0	-0.07323956642616541	0.0	4	0	-0.2353889114021433	23	0	-0.0005705266392361982	1	0	0.738206862070626	False
guarded_feature_allocator_a002_refined_guard	two_feature_and	u_xny_median	>=	133.4	s_depth_median	>=	0.5563099	38	24	-0.19831232433431586	0.0	24	0	-0.07323956642616541	0.0	4	0	-0.2353889114021433	23	0	-0.0005705266392361982	1	0	0.738206862070626	False
guarded_feature_allocator_a002_refined_guard	two_feature_and	u_breadth_median	>=	0.13340000000000002	s_xny_median	>=	391.0	38	24	-0.19831232433431586	0.0	24	0	-0.07323956642616541	0.0	4	0	-0.2353889114021433	23	0	-0.0005705266392361982	1	0	0.738206862070626	False
guarded_feature_allocator_a002_refined_guard	two_feature_and	u_breadth_median	>=	0.13340000000000002	xny_max_median	>=	391.0	38	24	-0.19831232433431586	0.0	24	0	-0.07323956642616541	0.0	4	0	-0.2353889114021433	23	0	-0.0005705266392361982	1	0	0.738206862070626	False
guarded_feature_allocator_a002_refined_guard	two_feature_and	u_breadth_median	>=	0.13340000000000002	s_depth_median	>=	0.5563099	38	24	-0.19831232433431586	0.0	24	0	-0.07323956642616541	0.0	4	0	-0.2353889114021433	23	0	-0.0005705266392361982	1	0	0.738206862070626	False
guarded_feature_allocator_a002_refined_guard	two_feature_and	s_breadth_median	>=	0.24684294999999998	s_xny_median	>=	391.0	38	24	-0.19831232433431586	0.0	24	0	-0.07323956642616541	0.0	4	0	-0.2353889114021433	23	0	-0.0005705266392361982	1	0	0.738206862070626	False
guarded_feature_allocator_a002_refined_guard	two_feature_and	s_breadth_median	>=	0.24684294999999998	xny_max_median	>=	391.0	38	24	-0.19831232433431586	0.0	24	0	-0.07323956642616541	0.0	4	0	-0.2353889114021433	23	0	-0.0005705266392361982	1	0	0.738206862070626	False
guarded_feature_allocator_a002_refined_guard	two_feature_and	s_breadth_median	>=	0.24684294999999998	s_depth_median	>=	0.5563099	38	24	-0.19831232433431586	0.0	24	0	-0.07323956642616541	0.0	4	0	-0.2353889114021433	23	0	-0.0005705266392361982	1	0	0.738206862070626	False
guarded_feature_allocator_a002_refined_guard	two_feature_and	u_xny_median	>=	197.2	s_xny_mean	>=	470.0820473644003	38	24	-0.19815676038989868	0.0	24	0	-0.07319851482972199	0.0	4	0	-0.2352041792181479	23	0	-0.0005705266392361982	1	0	0.7376275205669911	False
guarded_feature_allocator_a002_refined_guard	two_feature_and	u_xny_median	>=	197.2	xny_max_mean	>=	470.0820473644003	38	24	-0.19815676038989868	0.0	24	0	-0.07319851482972199	0.0	4	0	-0.2352041792181479	23	0	-0.0005705266392361982	1	0	0.7376275205669911	False
guarded_feature_allocator_a002_refined_guard	two_feature_and	u_breadth_median	>=	0.19720000000000001	s_xny_mean	>=	470.0820473644003	38	24	-0.19815676038989868	0.0	24	0	-0.07319851482972199	0.0	4	0	-0.2352041792181479	23	0	-0.0005705266392361982	1	0	0.7376275205669911	False
guarded_feature_allocator_a002_refined_guard	two_feature_and	u_breadth_median	>=	0.19720000000000001	xny_max_mean	>=	470.0820473644003	38	24	-0.19815676038989868	0.0	24	0	-0.07319851482972199	0.0	4	0	-0.2352041792181479	23	0	-0.0005705266392361982	1	0	0.7376275205669911	False
guarded_feature_allocator_a002_refined_guard	two_feature_and	s_breadth_median	>=	0.24684294999999998	s_xny_mean	>=	470.0820473644003	38	24	-0.19815676038989868	0.0	24	0	-0.07319851482972199	0.0	4	0	-0.2352041792181479	23	0	-0.0005705266392361982	1	0	0.7376275205669911	False
guarded_feature_allocator_a002_refined_guard	two_feature_and	s_breadth_median	>=	0.24684294999999998	xny_max_mean	>=	470.0820473644003	38	24	-0.19815676038989868	0.0	24	0	-0.07319851482972199	0.0	4	0	-0.2352041792181479	23	0	-0.0005705266392361982	1	0	0.7376275205669911	False
guarded_feature_allocator_a002_refined_guard	single	probability_mean	>=	0.7354856418573751				38	26	-0.19746075946280542	6.098692977363207e-05	25	1	-0.09928695040674157	0.0	5	0	-0.23414997041429475	23	0	-0.001784967721529122	2	1	0.7343213997798054	False
guarded_feature_allocator_a002_refined_guard	single	base_genus_count	<=	46.0				38	27	-0.19723353819180603	0.0	27	0	-0.07400937329517306	0.0	5	0	-0.2334299686500893	23	0	-0.0041859090809617805	4	0	0.7320633909387203	False
guarded_feature_allocator_a002_refined_guard	two_feature_and	s_xny_median	>=	230.3	base_genus_count	<=	46.0	38	27	-0.19723353819180603	0.0	27	0	-0.07400937329517306	0.0	5	0	-0.2334299686500893	23	0	-0.0041859090809617805	4	0	0.7320633909387203	False
guarded_feature_allocator_a002_refined_guard	two_feature_and	s_xny_mean	>=	345.7788366336634	base_genus_count	<=	46.0	38	27	-0.19723353819180603	0.0	27	0	-0.07400937329517306	0.0	5	0	-0.2334299686500893	23	0	-0.0041859090809617805	4	0	0.7320633909387203	False
guarded_feature_allocator_a002_refined_guard	two_feature_and	xny_max_median	>=	230.3	base_genus_count	<=	46.0	38	27	-0.19723353819180603	0.0	27	0	-0.07400937329517306	0.0	5	0	-0.2334299686500893	23	0	-0.0041859090809617805	4	0	0.7320633909387203	False
guarded_feature_allocator_a002_refined_guard	two_feature_and	xny_max_mean	>=	345.7788366336634	base_genus_count	<=	46.0	38	27	-0.19723353819180603	0.0	27	0	-0.07400937329517306	0.0	5	0	-0.2334299686500893	23	0	-0.0041859090809617805	4	0	0.7320633909387203	False
guarded_feature_allocator_a002_refined_guard	two_feature_and	s_depth_median	>=	0.2253115	base_genus_count	<=	46.0	38	27	-0.19723353819180603	0.0	27	0	-0.07400937329517306	0.0	5	0	-0.2334299686500893	23	0	-0.0041859090809617805	4	0	0.7320633909387203	False
guarded_feature_allocator_a002_refined_guard	two_feature_and	u_depth_median	>=	0.12905	base_genus_count	<=	46.0	38	27	-0.19723353819180603	0.0	27	0	-0.07400937329517306	0.0	5	0	-0.2334299686500893	23	0	-0.0041859090809617805	4	0	0.7320633909387203	False
guarded_feature_allocator_a002_refined_guard	two_feature_and	s_xny_median	>=	297.90000000000003	base_genus_count	<=	46.0	38	26	-0.19722375400017544	0.0	26	0	-0.07398871777950851	0.0	4	0	-0.2334299686500893	23	0	-0.004123942533968176	3	0	0.7320633909387203	False
guarded_feature_allocator_a002_refined_guard	two_feature_and	s_xny_mean	>=	403.5382411725516	base_genus_count	<=	46.0	38	26	-0.19722375400017544	0.0	26	0	-0.07398871777950851	0.0	4	0	-0.2334299686500893	23	0	-0.004123942533968176	3	0	0.7320633909387203	False
guarded_feature_allocator_a002_refined_guard	two_feature_and	xny_max_median	>=	297.90000000000003	base_genus_count	<=	46.0	38	26	-0.19722375400017544	0.0	26	0	-0.07398871777950851	0.0	4	0	-0.2334299686500893	23	0	-0.004123942533968176	3	0	0.7320633909387203	False
guarded_feature_allocator_a002_refined_guard	two_feature_and	xny_max_mean	>=	403.5382411725516	base_genus_count	<=	46.0	38	26	-0.19722375400017544	0.0	26	0	-0.07398871777950851	0.0	4	0	-0.2334299686500893	23	0	-0.004123942533968176	3	0	0.7320633909387203	False
guarded_feature_allocator_a002_refined_guard	two_feature_and	s_breadth_median	>=	0.11932904999999999	base_genus_count	<=	46.0	38	26	-0.19694613026045324	0.0	26	0	-0.07340262321787276	0.0	5	0	-0.2334299686500893	23	0	-0.0023656588490609254	3	0	0.7320633909387203	False
guarded_feature_allocator_a002_refined_guard	two_feature_and	s_breadth_median	>=	0.187603	base_genus_count	<=	46.0	38	24	-0.19666268833258618	0.0	24	0	-0.07280424581459786	0.0	4	0	-0.2334299686500893	23	0	-0.0005705266392361982	1	0	0.7320633909387203	False
guarded_feature_allocator_a002_refined_guard	two_feature_and	reported_ani_median	>=	0.9623946	base_genus_count	<=	46.0	38	23	-0.19657260517902256	0.0	23	0	-0.0726140702681858	0.0	3	0	-0.2334299686500893	23	0	0.0	0	0	0.7320633909387203	False
guarded_feature_allocator_a002_refined_guard	single	raw_mass_sum	>=	557.9426384637015				38	23	-0.19607863995689293	0.0	21	0	-0.06567583996556653	0.0	4	0	-0.23284338494881035	21	0	0.0	0	0	0.7302237965802455	False
guarded_feature_allocator_a002_refined_guard	two_feature_and	base_raw_mass	>=	237.28166942796472	raw_mass_sum	>=	557.9426384637015	38	23	-0.19607863995689293	0.0	21	0	-0.06567583996556653	0.0	4	0	-0.23284338494881035	21	0	0.0	0	0	0.7302237965802455	False
guarded_feature_allocator_a002_refined_guard	two_feature_and	base_raw_mass	>=	449.3558366293164	raw_mass_sum	>=	557.9426384637015	38	23	-0.19607863995689293	0.0	21	0	-0.06567583996556653	0.0	4	0	-0.23284338494881035	21	0	0.0	0	0	0.7302237965802455	False
guarded_feature_allocator_a002_refined_guard	two_feature_and	base_raw_mass	>=	541.5317538638295	raw_mass_sum	>=	557.9426384637015	38	22	-0.19575237760707012	0.0	20	0	-0.06464267585779436	0.0	3	0	-0.23245594840839578	20	0	0.0	0	0	0.7290087507607663	False
guarded_feature_allocator_a002_refined_guard	single	multi_species_genus_count	>=	6.800000000000001				38	23	-0.19527209048026853	0.0002489100198779237	19	2	-0.10874330101900458	0.0	5	0	-0.2318836729974342	18	0	-1.031705538501182e-05	1	2	0.7272140288562821	False
guarded_feature_allocator_a002_refined_guard	single	abundance_entropy	>=	2.2938929937377988				38	26	-0.19519642948271818	0.0002489100198779237	22	2	-0.110175908672879	-2.063411077002364e-05	6	0	-0.23146885700106232	20	0	-0.0017434827182161345	2	2	0.7259131178949528	False
guarded_feature_allocator_a002_refined_guard	two_feature_and	s_xny_median	>=	297.90000000000003	base_mass_multi_genus_frac	>=	0.8233634393428659	38	18	-0.19505899077599623	0.0	18	0	-0.05197940699532475	0.0	2	0	-0.23130758298471468	17	0	-0.0017331656628311227	1	0	0.7254073439193125	False
guarded_feature_allocator_a002_refined_guard	two_feature_and	s_xny_mean	>=	403.5382411725516	base_mass_multi_genus_frac	>=	0.8233634393428659	38	18	-0.19505899077599623	0.0	18	0	-0.05197940699532475	0.0	2	0	-0.23130758298471468	17	0	-0.0017331656628311227	1	0	0.7254073439193125	False
guarded_feature_allocator_a002_refined_guard	two_feature_and	xny_max_median	>=	297.90000000000003	base_mass_multi_genus_frac	>=	0.8233634393428659	38	18	-0.19505899077599623	0.0	18	0	-0.05197940699532475	0.0	2	0	-0.23130758298471468	17	0	-0.0017331656628311227	1	0	0.7254073439193125	False
guarded_feature_allocator_a002_refined_guard	two_feature_and	xny_max_mean	>=	403.5382411725516	base_mass_multi_genus_frac	>=	0.8233634393428659	38	18	-0.19505899077599623	0.0	18	0	-0.05197940699532475	0.0	2	0	-0.23130758298471468	17	0	-0.0017331656628311227	1	0	0.7254073439193125	False
guarded_feature_allocator_a002_refined_guard	two_feature_and	u_xny_median	>=	197.2	reported_ani_median	>=	0.97873385	38	22	-0.1946149110821185	0.0	22	0	-0.08445937181387626	0.0	3	0	-0.23110520691001574	22	0	0.0	0	0	0.724772669132927	False
guarded_feature_allocator_a002_refined_guard	two_feature_and	u_breadth_median	>=	0.19720000000000001	reported_ani_median	>=	0.97873385	38	22	-0.1946149110821185	0.0	22	0	-0.08445937181387626	0.0	3	0	-0.23110520691001574	22	0	0.0	0	0	0.724772669132927	False
guarded_feature_allocator_a002_refined_guard	single	s_xny_median	>=	459.9				38	23	-0.19370459091988015	0.0	23	0	-0.07053642792272077	0.0	3	0	-0.2299172279725009	22	0	-0.0005705266392361982	1	0	0.7210470297285687	False
guarded_feature_allocator_a002_refined_guard	single	xny_max_median	>=	459.9				38	23	-0.19370459091988015	0.0	23	0	-0.07053642792272077	0.0	3	0	-0.2299172279725009	22	0	-0.0005705266392361982	1	0	0.7210470297285687	False
guarded_feature_allocator_a002_refined_guard	two_feature_and	u_depth_median	>=	0.201	s_xny_median	>=	391.0	38	23	-0.1935322304231145	0.0	23	0	-0.07197815275515394	0.0	4	0	-0.22971254988259165	22	0	-0.0005705266392361982	1	0	0.7204051355561267	False
guarded_feature_allocator_a002_refined_guard	two_feature_and	u_depth_median	>=	0.201	xny_max_median	>=	391.0	38	23	-0.1935322304231145	0.0	23	0	-0.07197815275515394	0.0	4	0	-0.22971254988259165	22	0	-0.0005705266392361982	1	0	0.7204051355561267	False
guarded_feature_allocator_a002_refined_guard	two_feature_and	u_depth_median	>=	0.201	s_depth_median	>=	0.5563099	38	23	-0.1935322304231145	0.0	23	0	-0.07197815275515394	0.0	4	0	-0.22971254988259165	22	0	-0.0005705266392361982	1	0	0.7204051355561267	False
guarded_feature_allocator_a002_refined_guard	two_feature_and	u_xny_median	>=	197.2	s_xny_median	>=	391.0	38	23	-0.1935322304231145	0.0	23	0	-0.07197815275515394	0.0	4	0	-0.22971254988259165	22	0	-0.0005705266392361982	1	0	0.7204051355561267	False
guarded_feature_allocator_a002_refined_guard	two_feature_and	u_xny_median	>=	197.2	xny_max_median	>=	391.0	38	23	-0.1935322304231145	0.0	23	0	-0.07197815275515394	0.0	4	0	-0.22971254988259165	22	0	-0.0005705266392361982	1	0	0.7204051355561267	False
guarded_feature_allocator_a002_refined_guard	two_feature_and	u_xny_median	>=	197.2	s_depth_median	>=	0.5563099	38	23	-0.1935322304231145	0.0	23	0	-0.07197815275515394	0.0	4	0	-0.22971254988259165	22	0	-0.0005705266392361982	1	0	0.7204051355561267	False
guarded_feature_allocator_a002_refined_guard	two_feature_and	u_breadth_median	>=	0.19720000000000001	s_xny_median	>=	391.0	38	23	-0.1935322304231145	0.0	23	0	-0.07197815275515394	0.0	4	0	-0.22971254988259165	22	0	-0.0005705266392361982	1	0	0.7204051355561267	False
guarded_feature_allocator_a002_refined_guard	two_feature_and	u_breadth_median	>=	0.19720000000000001	xny_max_median	>=	391.0	38	23	-0.1935322304231145	0.0	23	0	-0.07197815275515394	0.0	4	0	-0.22971254988259165	22	0	-0.0005705266392361982	1	0	0.7204051355561267	False
guarded_feature_allocator_a002_refined_guard	two_feature_and	u_breadth_median	>=	0.19720000000000001	s_depth_median	>=	0.5563099	38	23	-0.1935322304231145	0.0	23	0	-0.07197815275515394	0.0	4	0	-0.22971254988259165	22	0	-0.0005705266392361982	1	0	0.7204051355561267	False
guarded_feature_allocator_a002_refined_guard	two_feature_and	u_depth_median	>=	0.25335	s_xny_median	>=	391.0	38	23	-0.1935322304231145	0.0	23	0	-0.07197815275515394	0.0	4	0	-0.22971254988259165	22	0	-0.0005705266392361982	1	0	0.7204051355561267	False
guarded_feature_allocator_a002_refined_guard	two_feature_and	u_depth_median	>=	0.25335	xny_max_median	>=	391.0	38	23	-0.1935322304231145	0.0	23	0	-0.07197815275515394	0.0	4	0	-0.22971254988259165	22	0	-0.0005705266392361982	1	0	0.7204051355561267	False
guarded_feature_allocator_a002_refined_guard	two_feature_and	u_depth_median	>=	0.25335	s_depth_median	>=	0.5563099	38	23	-0.1935322304231145	0.0	23	0	-0.07197815275515394	0.0	4	0	-0.22971254988259165	22	0	-0.0005705266392361982	1	0	0.7204051355561267	False
guarded_feature_allocator_a002_refined_guard	two_feature_and	u_depth_median	>=	0.25335	s_xny_mean	>=	470.0820473644003	38	23	-0.1935322304231145	0.0	23	0	-0.07197815275515394	0.0	4	0	-0.22971254988259165	22	0	-0.0005705266392361982	1	0	0.7204051355561267	False
guarded_feature_allocator_a002_refined_guard	two_feature_and	u_depth_median	>=	0.25335	xny_max_mean	>=	470.0820473644003	38	23	-0.1935322304231145	0.0	23	0	-0.07197815275515394	0.0	4	0	-0.22971254988259165	22	0	-0.0005705266392361982	1	0	0.7204051355561267	False
guarded_feature_allocator_a002_refined_guard	single	multi_species_genus_count	<=	14.600000000000001				38	30	-0.19351203580524687	6.098692977363207e-05	27	1	-0.0845229351042605	-0.00010360411739599822	6	0	-0.22901259040760574	23	0	-0.004175744592666175	4	1	0.7182099816530476	False
guarded_feature_allocator_a002_refined_guard	single	top1_abundance	<=	0.42975396832973706				38	30	-0.1929815067822445	0.0002489100198779237	26	2	-0.11028872510322456	-2.063411077002364e-05	6	0	-0.2283903656309116	22	0	-0.004134259589353188	4	2	0.7162586127581839	False
guarded_feature_allocator_a002_refined_guard	two_feature_and	s_breadth_median	>=	0.24684294999999998	reported_ani_median	>=	0.97873385	38	22	-0.19270284033820043	0.0	22	0	-0.07159288232407994	0.0	3	0	-0.228834622901613	22	0	0.0	0	0	0.717651854962343	False
guarded_feature_allocator_a002_refined_guard	two_feature_and	s_depth_median	>=	0.2939449	base_genus_count	<=	46.0	38	25	-0.19259922403339125	0.0	25	0	-0.07276835570494046	0.0	4	0	-0.22793833931453306	22	0	-0.004123942533968176	3	0	0.7148410059278558	False
guarded_feature_allocator_a002_refined_guard	two_feature_and	u_xny_median	>=	133.4	base_mass_multi_genus_frac	>=	0.8233634393428659	38	18	-0.1924528659962207	0.0	18	0	-0.06484765486317759	0.0	3	0	-0.22821280980873124	17	0	-0.0017331656628311227	1	0	0.7157017771555492	False
guarded_feature_allocator_a002_refined_guard	two_feature_and	u_breadth_median	>=	0.13340000000000002	base_mass_multi_genus_frac	>=	0.8233634393428659	38	18	-0.1924528659962207	0.0	18	0	-0.06484765486317759	0.0	3	0	-0.22821280980873124	17	0	-0.0017331656628311227	1	0	0.7157017771555492	False
guarded_feature_allocator_a002_refined_guard	two_feature_and	u_depth_median	>=	0.201	base_mass_multi_genus_frac	>=	0.8233634393428659	38	18	-0.1924528659962207	0.0	18	0	-0.06484765486317759	0.0	3	0	-0.22821280980873124	17	0	-0.0017331656628311227	1	0	0.7157017771555492	False
guarded_feature_allocator_a002_refined_guard	two_feature_and	u_xny_median	>=	239.6	s_xny_median	>=	391.0	38	22	-0.1921742705081834	0.0	22	0	-0.07161980222204713	0.0	4	0	-0.22809997248361097	21	0	-0.0005705266392361982	1	0	0.7153479062480145	False
guarded_feature_allocator_a002_refined_guard	two_feature_and	u_xny_median	>=	239.6	xny_max_median	>=	391.0	38	22	-0.1921742705081834	0.0	22	0	-0.07161980222204713	0.0	4	0	-0.22809997248361097	21	0	-0.0005705266392361982	1	0	0.7153479062480145	False
guarded_feature_allocator_a002_refined_guard	two_feature_and	u_xny_median	>=	239.6	s_depth_median	>=	0.5563099	38	22	-0.1921742705081834	0.0	22	0	-0.07161980222204713	0.0	4	0	-0.22809997248361097	21	0	-0.0005705266392361982	1	0	0.7153479062480145	False
guarded_feature_allocator_a002_refined_guard	two_feature_and	u_xny_median	>=	239.6	s_xny_mean	>=	470.0820473644003	38	22	-0.1921742705081834	0.0	22	0	-0.07161980222204713	0.0	4	0	-0.22809997248361097	21	0	-0.0005705266392361982	1	0	0.7153479062480145	False
guarded_feature_allocator_a002_refined_guard	two_feature_and	u_xny_median	>=	239.6	xny_max_mean	>=	470.0820473644003	38	22	-0.1921742705081834	0.0	22	0	-0.07161980222204713	0.0	4	0	-0.22809997248361097	21	0	-0.0005705266392361982	1	0	0.7153479062480145	False
guarded_feature_allocator_a002_refined_guard	two_feature_and	u_breadth_median	>=	0.23959999999999998	s_xny_median	>=	391.0	38	22	-0.1921742705081834	0.0	22	0	-0.07161980222204713	0.0	4	0	-0.22809997248361097	21	0	-0.0005705266392361982	1	0	0.7153479062480145	False
guarded_feature_allocator_a002_refined_guard	two_feature_and	u_breadth_median	>=	0.23959999999999998	xny_max_median	>=	391.0	38	22	-0.1921742705081834	0.0	22	0	-0.07161980222204713	0.0	4	0	-0.22809997248361097	21	0	-0.0005705266392361982	1	0	0.7153479062480145	False
guarded_feature_allocator_a002_refined_guard	two_feature_and	u_breadth_median	>=	0.23959999999999998	s_depth_median	>=	0.5563099	38	22	-0.1921742705081834	0.0	22	0	-0.07161980222204713	0.0	4	0	-0.22809997248361097	21	0	-0.0005705266392361982	1	0	0.7153479062480145	False
guarded_feature_allocator_a002_refined_guard	two_feature_and	u_breadth_median	>=	0.23959999999999998	s_xny_mean	>=	470.0820473644003	38	22	-0.1921742705081834	0.0	22	0	-0.07161980222204713	0.0	4	0	-0.22809997248361097	21	0	-0.0005705266392361982	1	0	0.7153479062480145	False
guarded_feature_allocator_a002_refined_guard	two_feature_and	u_breadth_median	>=	0.23959999999999998	xny_max_mean	>=	470.0820473644003	38	22	-0.1921742705081834	0.0	22	0	-0.07161980222204713	0.0	4	0	-0.22809997248361097	21	0	-0.0005705266392361982	1	0	0.7153479062480145	False
guarded_feature_allocator_a002_refined_guard	two_feature_and	u_xny_median	>=	133.4	raw_mass_sum	>=	449.3558366293164	38	21	-0.19202197857428746	0.0	21	0	-0.0654686577851257	0.0	3	0	-0.22802609955696634	21	0	0.0	0	0	0.7151162322025147	False
guarded_feature_allocator_a002_refined_guard	two_feature_and	u_xny_median	>=	133.4	base_raw_mass	>=	449.3558366293164	38	21	-0.19202197857428746	0.0	21	0	-0.0654686577851257	0.0	3	0	-0.22802609955696634	21	0	0.0	0	0	0.7151162322025147	False
guarded_feature_allocator_a002_refined_guard	two_feature_and	u_breadth_median	>=	0.13340000000000002	raw_mass_sum	>=	449.3558366293164	38	21	-0.19202197857428746	0.0	21	0	-0.0654686577851257	0.0	3	0	-0.22802609955696634	21	0	0.0	0	0	0.7151162322025147	False
guarded_feature_allocator_a002_refined_guard	two_feature_and	u_breadth_median	>=	0.13340000000000002	base_raw_mass	>=	449.3558366293164	38	21	-0.19202197857428746	0.0	21	0	-0.0654686577851257	0.0	3	0	-0.22802609955696634	21	0	0.0	0	0	0.7151162322025147	False
guarded_feature_allocator_a002_refined_guard	single	candidate_raw_frac	<=	0.0030897625238360087				38	26	-0.19100510685288638	0.0002489100198779237	24	2	-0.0666531352257796	0.0	4	0	-0.22604339071479884	20	0	-0.004134259589353188	4	2	0.7088982278621335	False
guarded_feature_allocator_a002_refined_guard	single	n_calls	>=	37.6				38	23	-0.19080390689564963	0.0002489100198779237	19	2	-0.10756419701750793	0.0	5	0	-0.22657770499069926	18	0	-1.031705538501182e-05	1	2	0.7105738992547342	False
guarded_feature_allocator_a002_refined_guard	single	n_base_calls	>=	37.6				38	23	-0.19080390689564963	0.0002489100198779237	19	2	-0.10756419701750793	0.0	5	0	-0.22657770499069926	18	0	-1.031705538501182e-05	1	2	0.7105738992547342	False
guarded_feature_allocator_a002_refined_guard	single	abundance_entropy	<=	2.863778910905053				38	26	-0.19065553027337478	6.098692977363207e-05	25	1	-0.05394600392555476	2.032897659121069e-05	4	1	-0.22563210881606893	22	0	-0.004113778045672571	3	1	0.7076084002399259	False
guarded_feature_allocator_a002_refined_guard	single	s_xny_median	<=	750.5999999999999				38	26	-0.19065095738870405	0.0002489100198779237	22	2	-0.09042018396417621	0.0	5	0	-0.22562283822608234	18	0	-0.004134259589353188	4	2	0.7075793265970649	False
guarded_feature_allocator_a002_refined_guard	single	s_xny_mean	<=	701.0946428571427				38	26	-0.19065095738870405	0.0002489100198779237	22	2	-0.09042018396417621	0.0	5	0	-0.22562283822608234	18	0	-0.004134259589353188	4	2	0.7075793265970649	False
guarded_feature_allocator_a002_refined_guard	single	u_xny_median	<=	485.1999999999998				38	26	-0.19065095738870405	0.0002489100198779237	22	2	-0.09042018396417621	0.0	5	0	-0.22562283822608234	18	0	-0.004134259589353188	4	2	0.7075793265970649	False
guarded_feature_allocator_a002_refined_guard	single	xny_max_median	<=	750.5999999999999				38	26	-0.19065095738870405	0.0002489100198779237	22	2	-0.09042018396417621	0.0	5	0	-0.22562283822608234	18	0	-0.004134259589353188	4	2	0.7075793265970649	False
guarded_feature_allocator_a002_refined_guard	single	xny_max_mean	<=	701.0946428571427				38	26	-0.19065095738870405	0.0002489100198779237	22	2	-0.09042018396417621	0.0	5	0	-0.22562283822608234	18	0	-0.004134259589353188	4	2	0.7075793265970649	False
guarded_feature_allocator_a002_refined_guard	single	s_breadth_median	<=	0.5724999999999999				38	26	-0.19065095738870405	0.0002489100198779237	22	2	-0.09042018396417621	0.0	5	0	-0.22562283822608234	18	0	-0.004134259589353188	4	2	0.7075793265970649	False
guarded_feature_allocator_a002_refined_guard	single	u_breadth_median	<=	0.48519999999999985				38	26	-0.19065095738870405	0.0002489100198779237	22	2	-0.09042018396417621	0.0	5	0	-0.22562283822608234	18	0	-0.004134259589353188	4	2	0.7075793265970649	False
guarded_feature_allocator_a002_refined_guard	two_feature_and	s_depth_median	>=	0.2939449	base_mass_multi_genus_frac	>=	0.8233634393428659	38	17	-0.190434460809212	0.0	17	0	-0.050759044920756696	0.0	2	0	-0.22581595364915844	16	0	-0.0017331656628311227	1	0	0.7081849589084481	False
guarded_feature_allocator_a002_refined_guard	two_feature_and	reported_ani_median	>=	0.97873385	u_depth_median	>=	0.25335	38	21	-0.1899903811153343	0.0	21	0	-0.0832390097393082	0.0	3	0	-0.2256135775744595	21	0	0.0	0	0	0.7075502841220626	False
guarded_feature_allocator_a002_refined_guard	two_feature_and	s_xny_median	>=	230.3	raw_mass_sum	>=	557.9426384637015	38	21	-0.1898538395820574	0.0	20	0	-0.05253459472980262	0.0	3	0	-0.22545143450369315	20	0	0.0	0	0	0.7070417846912104	False
guarded_feature_allocator_a002_refined_guard	two_feature_and	s_xny_mean	>=	345.7788366336634	raw_mass_sum	>=	557.9426384637015	38	21	-0.1898538395820574	0.0	20	0	-0.05253459472980262	0.0	3	0	-0.22545143450369315	20	0	0.0	0	0	0.7070417846912104	False
guarded_feature_allocator_a002_refined_guard	two_feature_and	xny_max_median	>=	230.3	raw_mass_sum	>=	557.9426384637015	38	21	-0.1898538395820574	0.0	20	0	-0.05253459472980262	0.0	3	0	-0.22545143450369315	20	0	0.0	0	0	0.7070417846912104	False
guarded_feature_allocator_a002_refined_guard	two_feature_and	xny_max_mean	>=	345.7788366336634	raw_mass_sum	>=	557.9426384637015	38	21	-0.1898538395820574	0.0	20	0	-0.05253459472980262	0.0	3	0	-0.22545143450369315	20	0	0.0	0	0	0.7070417846912104	False
guarded_feature_allocator_a002_refined_guard	two_feature_and	s_depth_median	>=	0.2253115	raw_mass_sum	>=	557.9426384637015	38	21	-0.1898538395820574	0.0	20	0	-0.05253459472980262	0.0	3	0	-0.22545143450369315	20	0	0.0	0	0	0.7070417846912104	False
guarded_feature_allocator_a002_refined_guard	two_feature_and	u_depth_median	>=	0.12905	raw_mass_sum	>=	557.9426384637015	38	21	-0.1898538395820574	0.0	20	0	-0.05253459472980262	0.0	3	0	-0.22545143450369315	20	0	0.0	0	0	0.7070417846912104	False
guarded_feature_allocator_a002_refined_guard	two_feature_and	s_breadth_median	>=	0.11932904999999999	raw_mass_sum	>=	557.9426384637015	38	22	-0.1898538395820574	0.0	20	0	-0.05253459472980262	0.0	3	0	-0.22545143450369315	20	0	0.0	0	0	0.7070417846912104	False
guarded_feature_allocator_a002_refined_guard	two_feature_and	s_breadth_median	>=	0.187603	raw_mass_sum	>=	557.9426384637015	38	20	-0.1898538395820574	0.0	20	0	-0.05253459472980262	0.0	3	0	-0.22545143450369315	20	0	0.0	0	0	0.7070417846912104	False
guarded_feature_allocator_a002_refined_guard	two_feature_and	reported_ani_median	>=	0.9623946	raw_mass_sum	>=	557.9426384637015	38	21	-0.1898538395820574	0.0	20	0	-0.05253459472980262	0.0	3	0	-0.22545143450369315	20	0	0.0	0	0	0.7070417846912104	False
guarded_feature_allocator_a002_refined_guard	two_feature_and	s_depth_median	>=	0.2939449	raw_mass_sum	>=	557.9426384637015	38	20	-0.1898538395820574	0.0	20	0	-0.05253459472980262	0.0	3	0	-0.22545143450369315	20	0	0.0	0	0	0.7070417846912104	False
guarded_feature_allocator_a002_refined_guard	two_feature_and	s_xny_median	>=	297.90000000000003	raw_mass_sum	>=	557.9426384637015	38	20	-0.1898538395820574	0.0	20	0	-0.05253459472980262	0.0	3	0	-0.22545143450369315	20	0	0.0	0	0	0.7070417846912104	False
guarded_feature_allocator_a002_refined_guard	two_feature_and	s_xny_mean	>=	403.5382411725516	raw_mass_sum	>=	557.9426384637015	38	20	-0.1898538395820574	0.0	20	0	-0.05253459472980262	0.0	3	0	-0.22545143450369315	20	0	0.0	0	0	0.7070417846912104	False
guarded_feature_allocator_a002_refined_guard	two_feature_and	xny_max_median	>=	297.90000000000003	raw_mass_sum	>=	557.9426384637015	38	20	-0.1898538395820574	0.0	20	0	-0.05253459472980262	0.0	3	0	-0.22545143450369315	20	0	0.0	0	0	0.7070417846912104	False
guarded_feature_allocator_a002_refined_guard	two_feature_and	xny_max_mean	>=	403.5382411725516	raw_mass_sum	>=	557.9426384637015	38	20	-0.1898538395820574	0.0	20	0	-0.05253459472980262	0.0	3	0	-0.22545143450369315	20	0	0.0	0	0	0.7070417846912104	False
guarded_feature_allocator_a002_refined_guard	single	raw_mass_sum	<=	724.158899689561				38	26	-0.18943731411258638	0.0002489100198779237	24	2	-0.10786624318520732	-2.063411077002364e-05	6	0	-0.22418163683569262	20	0	-0.004134259589353188	4	2	0.7030595522811295	False
guarded_feature_allocator_a002_refined_guard	two_feature_and	s_depth_median	>=	0.2939449	s_zip_median	>=	0.64105375	38	23	-0.1886128501043207	0.0	23	0	-0.08287549461140183	0.0	3	0	-0.22397775949888082	23	0	0.0	0	0	0.702420169363053	False
guarded_feature_allocator_a002_refined_guard	single	top3_abundance	>=	0.5313252181882375				38	23	-0.18796346791350324	0.0	23	0	-0.07672217777780448	0.0	3	0	-0.22243337892216605	20	0	-0.004123942533968176	3	0	0.6975768131803494	False
guarded_feature_allocator_a002_refined_guard	single	candidate_call_frac	<=	0.008391532082060216				38	26	-0.18775257366581574	0.0002489100198779237	24	2	-0.07815674312267613	0.0	4	0	-0.22218100755515247	20	0	-0.004134259589353188	4	2	0.696785347372509	False
guarded_feature_allocator_a002_refined_guard	single	base_raw_mass	<=	719.1104423899262				38	26	-0.18759160272242484	0.0002489100198779237	23	2	-0.10737918045724804	-2.063411077002364e-05	6	0	-0.22198985455987577	19	0	-0.004134259589353188	4	2	0.6961858694617694	False
guarded_feature_allocator_a002_refined_guard	two_feature_and	u_depth_median	>=	0.201	raw_mass_sum	>=	449.3558366293164	38	20	-0.18724188466308606	0.0	20	0	-0.06420724411411423	0.0	3	0	-0.2223497380374147	20	0	0.0	0	0	0.6973145056880155	False
guarded_feature_allocator_a002_refined_guard	two_feature_and	u_depth_median	>=	0.201	base_raw_mass	>=	449.3558366293164	38	20	-0.18724188466308606	0.0	20	0	-0.06420724411411423	0.0	3	0	-0.2223497380374147	20	0	0.0	0	0	0.6973145056880155	False
guarded_feature_allocator_a002_refined_guard	two_feature_and	u_xny_median	>=	197.2	raw_mass_sum	>=	449.3558366293164	38	20	-0.18724188466308606	0.0	20	0	-0.06420724411411423	0.0	3	0	-0.2223497380374147	20	0	0.0	0	0	0.6973145056880155	False
guarded_feature_allocator_a002_refined_guard	two_feature_and	u_xny_median	>=	197.2	base_raw_mass	>=	449.3558366293164	38	20	-0.18724188466308606	0.0	20	0	-0.06420724411411423	0.0	3	0	-0.2223497380374147	20	0	0.0	0	0	0.6973145056880155	False
guarded_feature_allocator_a002_refined_guard	two_feature_and	u_breadth_median	>=	0.19720000000000001	raw_mass_sum	>=	449.3558366293164	38	20	-0.18724188466308606	0.0	20	0	-0.06420724411411423	0.0	3	0	-0.2223497380374147	20	0	0.0	0	0	0.6973145056880155	False
guarded_feature_allocator_a002_refined_guard	two_feature_and	u_breadth_median	>=	0.19720000000000001	base_raw_mass	>=	449.3558366293164	38	20	-0.18724188466308606	0.0	20	0	-0.06420724411411423	0.0	3	0	-0.2223497380374147	20	0	0.0	0	0	0.6973145056880155	False
guarded_feature_allocator_a002_refined_guard	two_feature_and	u_depth_median	>=	0.25335	raw_mass_sum	>=	449.3558366293164	38	20	-0.18724188466308606	0.0	20	0	-0.06420724411411423	0.0	3	0	-0.2223497380374147	20	0	0.0	0	0	0.6973145056880155	False
guarded_feature_allocator_a002_refined_guard	two_feature_and	u_depth_median	>=	0.25335	base_raw_mass	>=	449.3558366293164	38	20	-0.18724188466308606	0.0	20	0	-0.06420724411411423	0.0	3	0	-0.2223497380374147	20	0	0.0	0	0	0.6973145056880155	False
guarded_feature_allocator_a002_refined_guard	two_feature_and	raw_mass_sum	>=	237.28166942796472	s_breadth_median	>=	0.2903986	38	20	-0.18712570125126088	0.0	20	0	-0.051814669336953535	0.0	3	0	-0.2222117702358723	20	0	0.0	0	0	0.6968818226986736	False
guarded_feature_allocator_a002_refined_guard	two_feature_and	base_raw_mass	>=	237.28166942796472	s_breadth_median	>=	0.2903986	38	20	-0.18712570125126088	0.0	20	0	-0.051814669336953535	0.0	3	0	-0.2222117702358723	20	0	0.0	0	0	0.6968818226986736	False
guarded_feature_allocator_a002_refined_guard	two_feature_and	u_xny_median	>=	133.4	base_genus_count	<=	46.0	38	25	-0.18700143241826314	0.0	25	0	-0.07077832795396148	0.0	5	0	-0.22162063996248854	22	0	-0.0023656588490609254	3	0	0.6950279697640124	False
guarded_feature_allocator_a002_refined_guard	two_feature_and	u_breadth_median	>=	0.13340000000000002	base_genus_count	<=	46.0	38	25	-0.18700143241826314	0.0	25	0	-0.07077832795396148	0.0	5	0	-0.22162063996248854	22	0	-0.0023656588490609254	3	0	0.6950279697640124	False
guarded_feature_allocator_a002_refined_guard	two_feature_and	s_breadth_median	>=	0.24684294999999998	base_genus_count	<=	46.0	38	23	-0.18671799049039609	0.0	23	0	-0.07017995055068658	0.0	4	0	-0.22162063996248854	22	0	-0.0005705266392361982	1	0	0.6950279697640124	False
guarded_feature_allocator_a002_refined_guard	two_feature_and	s_xny_median	>=	297.90000000000003	s_zip_median	>=	0.64105375	38	23	-0.18654521541598543	0.0	23	0	-0.0699679535251621	0.0	3	0	-0.22152244330648269	23	0	0.0	0	0	0.6947200136888341	False
guarded_feature_allocator_a002_refined_guard	two_feature_and	s_xny_mean	>=	403.5382411725516	s_zip_median	>=	0.64105375	38	23	-0.18654521541598543	0.0	23	0	-0.0699679535251621	0.0	3	0	-0.22152244330648269	23	0	0.0	0	0	0.6947200136888341	False
guarded_feature_allocator_a002_refined_guard	two_feature_and	xny_max_median	>=	297.90000000000003	s_zip_median	>=	0.64105375	38	23	-0.18654521541598543	0.0	23	0	-0.0699679535251621	0.0	3	0	-0.22152244330648269	23	0	0.0	0	0	0.6947200136888341	False
guarded_feature_allocator_a002_refined_guard	two_feature_and	xny_max_mean	>=	403.5382411725516	s_zip_median	>=	0.64105375	38	23	-0.18654521541598543	0.0	23	0	-0.0699679535251621	0.0	3	0	-0.22152244330648269	23	0	0.0	0	0	0.6947200136888341	False
guarded_feature_allocator_a002_refined_guard	two_feature_and	raw_mass_sum	>=	237.28166942796472	u_depth_median	>=	0.28400000000000003	38	20	-0.18605514926768255	0.0	20	0	-0.05206306888114701	0.0	4	0	-0.2205991928368916	19	0	-0.0018202502319008551	1	0	0.6918245933905615	False
guarded_feature_allocator_a002_refined_guard	two_feature_and	base_raw_mass	>=	237.28166942796472	u_depth_median	>=	0.28400000000000003	38	20	-0.18605514926768255	0.0	20	0	-0.05206306888114701	0.0	4	0	-0.2205991928368916	19	0	-0.0018202502319008551	1	0	0.6918245933905615	False
guarded_feature_allocator_a002_refined_guard	two_feature_and	raw_mass_sum	>=	237.28166942796472	base_mass_multi_genus_frac	>=	0.8233634393428659	38	16	-0.1854498540305634	0.0	16	0	-0.06249413116502561	0.0	2	0	-0.22022170166129404	16	0	0.0	0	0	0.6906407373858868	False
guarded_feature_allocator_a002_refined_guard	two_feature_and	base_raw_mass	>=	237.28166942796472	base_mass_multi_genus_frac	>=	0.8233634393428659	38	16	-0.1854498540305634	0.0	16	0	-0.06249413116502561	0.0	2	0	-0.22022170166129404	16	0	0.0	0	0	0.6906407373858868	False
guarded_feature_allocator_a002_refined_guard	two_feature_and	s_breadth_median	>=	0.24684294999999998	raw_mass_sum	>=	449.3558366293164	38	20	-0.18532981391916797	0.0	20	0	-0.05134075462431791	0.0	3	0	-0.22007915402901196	20	0	0.0	0	0	0.6901936915174315	False
guarded_feature_allocator_a002_refined_guard	two_feature_and	s_breadth_median	>=	0.24684294999999998	base_raw_mass	>=	449.3558366293164	38	20	-0.18532981391916797	0.0	20	0	-0.05134075462431791	0.0	3	0	-0.22007915402901196	20	0	0.0	0	0	0.6901936915174315	False
guarded_feature_allocator_a002_refined_guard	two_feature_and	raw_mass_sum	>=	237.28166942796472	s_xny_mean	>=	470.0820473644003	38	21	-0.18503078859341549	0.0	21	0	-0.05126184516335545	0.0	3	0	-0.21972406145468087	21	0	0.0	0	0	0.6890800801179815	False
guarded_feature_allocator_a002_refined_guard	two_feature_and	raw_mass_sum	>=	237.28166942796472	xny_max_mean	>=	470.0820473644003	38	21	-0.18503078859341549	0.0	21	0	-0.05126184516335545	0.0	3	0	-0.21972406145468087	21	0	0.0	0	0	0.6890800801179815	False
guarded_feature_allocator_a002_refined_guard	two_feature_and	base_raw_mass	>=	237.28166942796472	s_xny_mean	>=	470.0820473644003	38	21	-0.18503078859341549	0.0	21	0	-0.05126184516335545	0.0	3	0	-0.21972406145468087	21	0	0.0	0	0	0.6890800801179815	False
guarded_feature_allocator_a002_refined_guard	two_feature_and	base_raw_mass	>=	237.28166942796472	xny_max_mean	>=	470.0820473644003	38	21	-0.18503078859341549	0.0	21	0	-0.05126184516335545	0.0	3	0	-0.21972406145468087	21	0	0.0	0	0	0.6890800801179815	False
guarded_feature_allocator_a002_refined_guard	two_feature_and	u_xny_median	>=	197.2	base_mass_multi_genus_frac	>=	0.8233634393428659	38	16	-0.18484063519756963	0.0	16	0	-0.048777389843803094	0.0	1	0	-0.21949825429711392	16	0	0.0	0	0	0.6883719227446047	False
guarded_feature_allocator_a002_refined_guard	two_feature_and	u_breadth_median	>=	0.19720000000000001	base_mass_multi_genus_frac	>=	0.8233634393428659	38	16	-0.18484063519756963	0.0	16	0	-0.048777389843803094	0.0	1	0	-0.21949825429711392	16	0	0.0	0	0	0.6883719227446047	False
guarded_feature_allocator_a002_refined_guard	two_feature_and	s_breadth_median	>=	0.24684294999999998	base_mass_multi_genus_frac	>=	0.8233634393428659	38	16	-0.18484063519756963	0.0	16	0	-0.048777389843803094	0.0	1	0	-0.21949825429711392	16	0	0.0	0	0	0.6883719227446047	False
guarded_feature_allocator_a002_refined_guard	single	probability_mean	<=	0.7946308351142186				38	23	-0.18479888066707462	0.0002489100198779237	19	2	-0.07975918095608812	0.00010329898321718527	4	1	-0.2186851158467087	16	0	-0.004072293042359583	3	2	0.685821826479122	False
guarded_feature_allocator_a002_refined_guard	two_feature_and	u_xny_median	>=	133.4	base_raw_mass	>=	541.5317538638295	38	18	-0.18364559165441408	0.0	18	0	-0.04994923998343893	0.0	2	0	-0.2180791400896167	18	0	0.0	0	0	0.68392141638984	False
guarded_feature_allocator_a002_refined_guard	two_feature_and	u_breadth_median	>=	0.13340000000000002	base_raw_mass	>=	541.5317538638295	38	18	-0.18364559165441408	0.0	18	0	-0.04994923998343893	0.0	2	0	-0.2180791400896167	18	0	0.0	0	0	0.68392141638984	False
guarded_feature_allocator_a002_refined_guard	two_feature_and	s_breadth_median	>=	0.24684294999999998	base_raw_mass	>=	541.5317538638295	38	18	-0.18364559165441408	0.0	18	0	-0.04994923998343893	0.0	2	0	-0.2180791400896167	18	0	0.0	0	0	0.68392141638984	False
guarded_feature_allocator_a002_refined_guard	two_feature_and	reported_ani_median	>=	0.97873385	u_xny_median	>=	239.6	38	20	-0.18329821646021482	0.0	20	0	-0.0691111065785004	0.0	3	0	-0.2176666320465051	20	0	0.0	0	0	0.6826277434369792	False
guarded_feature_allocator_a002_refined_guard	two_feature_and	reported_ani_median	>=	0.97873385	u_breadth_median	>=	0.23959999999999998	38	20	-0.18329821646021482	0.0	20	0	-0.0691111065785004	0.0	3	0	-0.2176666320465051	20	0	0.0	0	0	0.6826277434369792	False
guarded_feature_allocator_a002_refined_guard	single	reported_ani_median	>=	0.9805088				38	23	-0.18286991406991457	0.0	23	0	-0.09491597284261603	0.0	3	0	-0.21715802295802356	23	0	0.0	0	0	0.6810326864863689	False
guarded_feature_allocator_a002_refined_guard	two_feature_and	u_depth_median	>=	0.201	base_genus_count	<=	46.0	38	25	-0.18250874643841453	0.0	25	0	-0.07012366436025029	0.0	5	0	-0.2159442784429369	21	0	-0.0041859090809617805	4	0	0.6772262432495131	False
guarded_feature_allocator_a002_refined_guard	two_feature_and	u_xny_median	>=	197.2	base_genus_count	<=	46.0	38	22	-0.18193789657919468	0.0	22	0	-0.0689185368796751	0.0	4	0	-0.2159442784429369	21	0	-0.0005705266392361982	1	0	0.6772262432495131	False
guarded_feature_allocator_a002_refined_guard	two_feature_and	u_breadth_median	>=	0.19720000000000001	base_genus_count	<=	46.0	38	22	-0.18193789657919468	0.0	22	0	-0.0689185368796751	0.0	4	0	-0.2159442784429369	21	0	-0.0005705266392361982	1	0	0.6772262432495131	False
guarded_feature_allocator_a002_refined_guard	two_feature_and	reported_ani_median	>=	0.97873385	s_xny_median	>=	391.0	38	22	-0.1819206854492012	0.0	22	0	-0.06874759145059404	0.0	3	0	-0.21603081397092644	22	0	0.0	0	0	0.6774976286779696	False
guarded_feature_allocator_a002_refined_guard	two_feature_and	reported_ani_median	>=	0.97873385	xny_max_median	>=	391.0	38	22	-0.1819206854492012	0.0	22	0	-0.06874759145059404	0.0	3	0	-0.21603081397092644	22	0	0.0	0	0	0.6774976286779696	False
guarded_feature_allocator_a002_refined_guard	two_feature_and	reported_ani_median	>=	0.97873385	s_depth_median	>=	0.5563099	38	22	-0.1819206854492012	0.0	22	0	-0.06874759145059404	0.0	3	0	-0.21603081397092644	22	0	0.0	0	0	0.6774976286779696	False
guarded_feature_allocator_a002_refined_guard	two_feature_and	s_xny_median	>=	391.0	s_zip_median	>=	0.64105375	38	22	-0.1819206854492012	0.0	22	0	-0.06874759145059404	0.0	3	0	-0.21603081397092644	22	0	0.0	0	0	0.6774976286779696	False
guarded_feature_allocator_a002_refined_guard	two_feature_and	xny_max_median	>=	391.0	s_zip_median	>=	0.64105375	38	22	-0.1819206854492012	0.0	22	0	-0.06874759145059404	0.0	3	0	-0.21603081397092644	22	0	0.0	0	0	0.6774976286779696	False
guarded_feature_allocator_a002_refined_guard	two_feature_and	s_depth_median	>=	0.5563099	s_zip_median	>=	0.64105375	38	22	-0.1819206854492012	0.0	22	0	-0.06874759145059404	0.0	3	0	-0.21603081397092644	22	0	0.0	0	0	0.6774976286779696	False
guarded_feature_allocator_a002_refined_guard	single	probability_min	>=	0.033146868420429514				38	26	-0.18183776878226096	0.0002489100198779237	23	2	-0.08792807781214314	0.0	5	0	-0.21526415050078795	20	0	-0.00356373295011699	3	2	0.6750932833280384	False
guarded_feature_allocator_a002_refined_guard	single	base_genus_count	>=	22.8				38	23	-0.18170501476576112	0.0002489100198779237	19	2	-0.10611016758202292	0.0	5	0	-0.21577277058645664	18	0	-1.031705538501182e-05	1	2	0.6766883747671	False
guarded_feature_allocator_a002_refined_guard	single	max_species_per_genus	>=	8.0				38	17	-0.18125126884396475	0.0	17	0	-0.10355314398252413	0.0	4	0	-0.21523588175220815	17	0	0.0	0	0	0.6750046292616279	False
guarded_feature_allocator_a002_refined_guard	single	n_calls	<=	100.2				38	30	-0.18112306024451533	0.0002489100198779237	27	2	-0.06974293273514105	0.0	5	0	-0.21430846036735823	23	0	-0.004134259589353188	4	2	0.6720961284905035	False
guarded_feature_allocator_a002_refined_guard	single	n_base_calls	<=	99.0				38	31	-0.18112306024451533	0.0002489100198779237	27	2	-0.06974293273514105	0.0	5	0	-0.21430846036735823	23	0	-0.004134259589353188	4	2	0.6720961284905035	False
guarded_feature_allocator_a002_refined_guard	single	n_candidate_calls	<=	0.0				38	25	-0.18106040901069625	0.0002489100198779237	23	2	-0.06402883996186833	0.0	4	0	-0.21423406202719808	19	0	-0.004134259589353188	4	2	0.6718628066874256	False
guarded_feature_allocator_a002_refined_guard	single	candidate_call_frac	<=	0.0				38	25	-0.18106040901069625	0.0002489100198779237	23	2	-0.06402883996186833	0.0	4	0	-0.21423406202719808	19	0	-0.004134259589353188	4	2	0.6718628066874256	False
guarded_feature_allocator_a002_refined_guard	single	candidate_raw_frac	<=	0.0				38	25	-0.18106040901069625	0.0002489100198779237	23	2	-0.06402883996186833	0.0	4	0	-0.21423406202719808	19	0	-0.004134259589353188	4	2	0.6718628066874256	False
guarded_feature_allocator_a002_refined_guard	two_feature_and	u_xny_median	>=	133.4	s_zip_median	>=	0.64105375	38	24	-0.18095642603486714	0.0	24	0	-0.09442909818735166	0.0	4	0	-0.2148741371888434	23	0	-6.196654699360445e-05	1	0	0.6738701564548932	False
guarded_feature_allocator_a002_refined_guard	two_feature_and	u_breadth_median	>=	0.13340000000000002	s_zip_median	>=	0.64105375	38	24	-0.18095642603486714	0.0	24	0	-0.09442909818735166	0.0	4	0	-0.2148741371888434	23	0	-6.196654699360445e-05	1	0	0.6738701564548932	False
guarded_feature_allocator_a002_refined_guard	two_feature_and	u_depth_median	>=	0.25335	base_mass_multi_genus_frac	>=	0.8233634393428659	38	15	-0.1802161052307854	0.0	15	0	-0.04755702776923504	0.0	1	0	-0.21400662496155767	15	0	0.0	0	0	0.6711495377337402	False
guarded_feature_allocator_a002_refined_guard	two_feature_and	s_breadth_median	>=	0.2903986	base_mass_multi_genus_frac	>=	0.8233634393428659	38	15	-0.1802161052307854	0.0	15	0	-0.04755702776923504	0.0	1	0	-0.21400662496155767	15	0	0.0	0	0	0.6711495377337402	False
guarded_feature_allocator_a002_refined_guard	two_feature_and	s_xny_median	>=	391.0	s_breadth_median	>=	0.2903986	38	22	-0.1797849047106521	0.0	22	0	-0.06835038624769858	0.0	4	0	-0.21338760059904255	21	0	-0.0005705266392361982	1	0	0.6692082057080491	False
guarded_feature_allocator_a002_refined_guard	two_feature_and	xny_max_median	>=	391.0	s_breadth_median	>=	0.2903986	38	22	-0.1797849047106521	0.0	22	0	-0.06835038624769858	0.0	4	0	-0.21338760059904255	21	0	-0.0005705266392361982	1	0	0.6692082057080491	False
guarded_feature_allocator_a002_refined_guard	two_feature_and	s_depth_median	>=	0.5563099	s_breadth_median	>=	0.2903986	38	22	-0.1797849047106521	0.0	22	0	-0.06835038624769858	0.0	4	0	-0.21338760059904255	21	0	-0.0005705266392361982	1	0	0.6692082057080491	False
guarded_feature_allocator_a002_refined_guard	two_feature_and	s_xny_mean	>=	470.0820473644003	s_breadth_median	>=	0.2903986	38	22	-0.1797849047106521	0.0	22	0	-0.06835038624769858	0.0	4	0	-0.21338760059904255	21	0	-0.0005705266392361982	1	0	0.6692082057080491	False
guarded_feature_allocator_a002_refined_guard	two_feature_and	xny_max_mean	>=	470.0820473644003	s_breadth_median	>=	0.2903986	38	22	-0.1797849047106521	0.0	22	0	-0.06835038624769858	0.0	4	0	-0.21338760059904255	21	0	-0.0005705266392361982	1	0	0.6692082057080491	False
guarded_feature_allocator_a002_refined_guard	single	s_depth_median	>=	0.6375058				38	23	-0.17964006806105318	0.0	23	0	-0.06682495661275255	0.0	3	0	-0.21321560707764384	22	0	-0.0005705266392361982	1	0	0.6686688141242573	False
guarded_feature_allocator_a002_refined_guard	two_feature_and	u_xny_median	>=	239.6	raw_mass_sum	>=	449.3558366293164	38	18	-0.17919176009303547	0.0	18	0	-0.04972099042019962	0.0	3	0	-0.21279021511047963	18	0	0.0	0	0	0.6673347356948199	False
guarded_feature_allocator_a002_refined_guard	two_feature_and	u_xny_median	>=	239.6	base_raw_mass	>=	449.3558366293164	38	18	-0.17919176009303547	0.0	18	0	-0.04972099042019962	0.0	3	0	-0.21279021511047963	18	0	0.0	0	0	0.6673347356948199	False
guarded_feature_allocator_a002_refined_guard	two_feature_and	u_breadth_median	>=	0.23959999999999998	raw_mass_sum	>=	449.3558366293164	38	18	-0.17919176009303547	0.0	18	0	-0.04972099042019962	0.0	3	0	-0.21279021511047963	18	0	0.0	0	0	0.6673347356948199	False
guarded_feature_allocator_a002_refined_guard	two_feature_and	u_breadth_median	>=	0.23959999999999998	base_raw_mass	>=	449.3558366293164	38	18	-0.17919176009303547	0.0	18	0	-0.04972099042019962	0.0	3	0	-0.21279021511047963	18	0	0.0	0	0	0.6673347356948199	False
guarded_feature_allocator_a002_refined_guard	two_feature_and	s_xny_median	>=	391.0	raw_mass_sum	>=	449.3558366293164	38	21	-0.17917218899695297	0.0	21	0	-0.049715825825400066	0.0	3	0	-0.21276697443388165	21	0	0.0	0	0	0.6672618502439225	False
guarded_feature_allocator_a002_refined_guard	two_feature_and	s_xny_median	>=	391.0	base_raw_mass	>=	449.3558366293164	38	21	-0.17917218899695297	0.0	21	0	-0.049715825825400066	0.0	3	0	-0.21276697443388165	21	0	0.0	0	0	0.6672618502439225	False
guarded_feature_allocator_a002_refined_guard	two_feature_and	xny_max_median	>=	391.0	raw_mass_sum	>=	449.3558366293164	38	21	-0.17917218899695297	0.0	21	0	-0.049715825825400066	0.0	3	0	-0.21276697443388165	21	0	0.0	0	0	0.6672618502439225	False
guarded_feature_allocator_a002_refined_guard	two_feature_and	xny_max_median	>=	391.0	base_raw_mass	>=	449.3558366293164	38	21	-0.17917218899695297	0.0	21	0	-0.049715825825400066	0.0	3	0	-0.21276697443388165	21	0	0.0	0	0	0.6672618502439225	False
guarded_feature_allocator_a002_refined_guard	two_feature_and	s_depth_median	>=	0.5563099	raw_mass_sum	>=	449.3558366293164	38	21	-0.17917218899695297	0.0	21	0	-0.049715825825400066	0.0	3	0	-0.21276697443388165	21	0	0.0	0	0	0.6672618502439225	False
guarded_feature_allocator_a002_refined_guard	two_feature_and	s_depth_median	>=	0.5563099	base_raw_mass	>=	449.3558366293164	38	21	-0.17917218899695297	0.0	21	0	-0.049715825825400066	0.0	3	0	-0.21276697443388165	21	0	0.0	0	0	0.6672618502439225	False
guarded_feature_allocator_a002_refined_guard	single	top1_abundance	>=	0.26587533173266636				38	23	-0.17914637110087997	6.098692977363207e-05	21	1	-0.07517314274995662	2.032897659121069e-05	4	1	-0.21207195604358817	19	0	-0.0035432514064363727	2	1	0.6650821921541521	False
guarded_feature_allocator_a002_refined_guard	two_feature_and	u_depth_median	>=	0.201	base_raw_mass	>=	541.5317538638295	38	17	-0.1788654977432127	0.0	17	0	-0.048687826312427455	0.0	2	0	-0.21240277857006507	17	0	0.0	0	0	0.6661196898753406	False
guarded_feature_allocator_a002_refined_guard	two_feature_and	u_xny_median	>=	197.2	base_raw_mass	>=	541.5317538638295	38	17	-0.1788654977432127	0.0	17	0	-0.048687826312427455	0.0	2	0	-0.21240277857006507	17	0	0.0	0	0	0.6661196898753406	False
guarded_feature_allocator_a002_refined_guard	two_feature_and	u_breadth_median	>=	0.19720000000000001	base_raw_mass	>=	541.5317538638295	38	17	-0.1788654977432127	0.0	17	0	-0.048687826312427455	0.0	2	0	-0.21240277857006507	17	0	0.0	0	0	0.6661196898753406	False
guarded_feature_allocator_a002_refined_guard	two_feature_and	u_depth_median	>=	0.25335	base_raw_mass	>=	541.5317538638295	38	17	-0.1788654977432127	0.0	17	0	-0.048687826312427455	0.0	2	0	-0.21240277857006507	17	0	0.0	0	0	0.6661196898753406	False
guarded_feature_allocator_a002_refined_guard	two_feature_and	u_xny_median	>=	239.6	base_raw_mass	>=	541.5317538638295	38	17	-0.1788654977432127	0.0	17	0	-0.048687826312427455	0.0	2	0	-0.21240277857006507	17	0	0.0	0	0	0.6661196898753406	False
guarded_feature_allocator_a002_refined_guard	two_feature_and	u_breadth_median	>=	0.23959999999999998	base_raw_mass	>=	541.5317538638295	38	17	-0.1788654977432127	0.0	17	0	-0.048687826312427455	0.0	2	0	-0.21240277857006507	17	0	0.0	0	0	0.6661196898753406	False
guarded_feature_allocator_a002_refined_guard	two_feature_and	u_xny_median	>=	239.6	base_mass_multi_genus_frac	>=	0.8233634393428659	38	14	-0.1788581453158543	0.0	14	0	-0.04719867723612822	0.0	1	0	-0.212394047562577	14	0	0.0	0	0	0.6660923084256279	False
guarded_feature_allocator_a002_refined_guard	two_feature_and	u_breadth_median	>=	0.23959999999999998	base_mass_multi_genus_frac	>=	0.8233634393428659	38	14	-0.1788581453158543	0.0	14	0	-0.04719867723612822	0.0	1	0	-0.212394047562577	14	0	0.0	0	0	0.6660923084256279	False
guarded_feature_allocator_a002_refined_guard	two_feature_and	u_depth_median	>=	0.28400000000000003	base_mass_multi_genus_frac	>=	0.8233634393428659	38	14	-0.1788581453158543	0.0	14	0	-0.04719867723612822	0.0	1	0	-0.212394047562577	14	0	0.0	0	0	0.6660923084256279	False
guarded_feature_allocator_a002_refined_guard	single	raw_mass_sum	>=	661.6261974173597				38	19	-0.17848730681287012	0.0	17	0	-0.04858802592803149	0.0	2	0	-0.21195367684028327	17	0	0.0	0	0	0.6647112548869724	False
guarded_feature_allocator_a002_refined_guard	single	base_raw_mass	>=	659.3626521973572				38	19	-0.17848730681287012	0.0	17	0	-0.04858802592803149	0.0	2	0	-0.21195367684028327	17	0	0.0	0	0	0.6647112548869724	False
guarded_feature_allocator_a002_refined_guard	single	probability_min	<=	0.3720512567625236				38	26	-0.1784376534781424	0.0002489100198779237	23	1	-0.10645372845706162	-4.096308736123433e-05	6	0	-0.21111763399073494	19	0	-0.0041444240776487935	4	1	0.6620893277756003	False
guarded_feature_allocator_a002_refined_guard	two_feature_and	s_xny_median	>=	391.0	u_depth_median	>=	0.28400000000000003	38	21	-0.17842694479572097	0.0	21	0	-0.06799203571459177	0.0	4	0	-0.21177502320006186	20	0	-0.0005705266392361982	1	0	0.6641509763999368	False
guarded_feature_allocator_a002_refined_guard	two_feature_and	xny_max_median	>=	391.0	u_depth_median	>=	0.28400000000000003	38	21	-0.17842694479572097	0.0	21	0	-0.06799203571459177	0.0	4	0	-0.21177502320006186	20	0	-0.0005705266392361982	1	0	0.6641509763999368	False
guarded_feature_allocator_a002_refined_guard	two_feature_and	s_depth_median	>=	0.5563099	u_depth_median	>=	0.28400000000000003	38	21	-0.17842694479572097	0.0	21	0	-0.06799203571459177	0.0	4	0	-0.21177502320006186	20	0	-0.0005705266392361982	1	0	0.6641509763999368	False
guarded_feature_allocator_a002_refined_guard	two_feature_and	s_xny_mean	>=	470.0820473644003	u_depth_median	>=	0.28400000000000003	38	21	-0.17842694479572097	0.0	21	0	-0.06799203571459177	0.0	4	0	-0.21177502320006186	20	0	-0.0005705266392361982	1	0	0.6641509763999368	False
guarded_feature_allocator_a002_refined_guard	two_feature_and	xny_max_mean	>=	470.0820473644003	u_depth_median	>=	0.28400000000000003	38	21	-0.17842694479572097	0.0	21	0	-0.06799203571459177	0.0	4	0	-0.21177502320006186	20	0	-0.0005705266392361982	1	0	0.6641509763999368	False
guarded_feature_allocator_a002_refined_guard	single	s_zip_median	<=	0.7491690999999999				38	26	-0.1777543139247603	0.0002489100198779237	22	2	-0.08552969419766694	0.0	5	0	-0.21030807411264912	18	0	-0.004134259589353188	4	2	0.6595504543269737	False
guarded_feature_allocator_a002_refined_guard	two_feature_and	u_depth_median	>=	0.25335	base_genus_count	<=	46.0	38	22	-0.17760077454376325	0.0	22	0	-0.06830492488240733	0.0	4	0	-0.21045264910738065	20	0	-0.0023907768711370534	2	0	0.6600038582386486	False
guarded_feature_allocator_a002_refined_guard	two_feature_and	raw_mass_sum	>=	237.28166942796472	s_zip_median	>=	0.64105375	38	22	-0.17759536664840977	0.0	22	0	-0.07521761043386825	0.0	3	0	-0.2108944978949866	22	0	0.0	0	0	0.6613895471611444	False
guarded_feature_allocator_a002_refined_guard	two_feature_and	base_raw_mass	>=	237.28166942796472	s_zip_median	>=	0.64105375	38	22	-0.17759536664840977	0.0	22	0	-0.07521761043386825	0.0	3	0	-0.2108944978949866	22	0	0.0	0	0	0.6613895471611444	False
guarded_feature_allocator_a002_refined_guard	two_feature_and	s_xny_median	>=	391.0	base_raw_mass	>=	541.5317538638295	38	19	-0.17748796673219908	0.0	19	0	-0.04832431118452108	0.0	2	0	-0.2107669604944864	19	0	0.0	0	0	0.660989575116331	False
guarded_feature_allocator_a002_refined_guard	two_feature_and	xny_max_median	>=	391.0	base_raw_mass	>=	541.5317538638295	38	19	-0.17748796673219908	0.0	19	0	-0.04832431118452108	0.0	2	0	-0.2107669604944864	19	0	0.0	0	0	0.660989575116331	False
guarded_feature_allocator_a002_refined_guard	two_feature_and	s_depth_median	>=	0.5563099	base_raw_mass	>=	541.5317538638295	38	19	-0.17748796673219908	0.0	19	0	-0.04832431118452108	0.0	2	0	-0.2107669604944864	19	0	0.0	0	0	0.660989575116331	False
guarded_feature_allocator_a002_refined_guard	single	abundance_entropy	>=	2.3884277519611743				38	23	-0.17747681707697407	0.0002489100198779237	19	2	-0.10499439319192634	0.0	5	0	-0.21075178583102203	18	0	-1.031705538501182e-05	1	2	0.660941985615907	False
guarded_feature_allocator_a002_refined_guard	single	u_depth_median	<=	0.4072				38	23	-0.17719380295663512	0.0002489100198779237	19	2	-0.08521537797796779	0.0	5	0	-0.20974944108285726	16	0	-0.00356373295011699	3	2	0.6577985165083432	False
guarded_feature_allocator_a002_refined_guard	two_feature_and	u_depth_median	>=	0.201	s_zip_median	>=	0.64105375	38	23	-0.17617633212366574	0.0	23	0	-0.09316768451634018	0.0	4	0	-0.20919777566929176	22	0	-6.196654699360445e-05	1	0	0.6560684299403938	False
guarded_feature_allocator_a002_refined_guard	two_feature_and	u_xny_median	>=	239.6	base_genus_count	<=	46.0	38	20	-0.1759554066974794	0.0	20	0	-0.06733982427200023	0.0	4	0	-0.20884007170839997	19	0	-0.0005705266392361982	1	0	0.6549466289305365	False
guarded_feature_allocator_a002_refined_guard	two_feature_and	u_breadth_median	>=	0.23959999999999998	base_genus_count	<=	46.0	38	20	-0.1759554066974794	0.0	20	0	-0.06733982427200023	0.0	4	0	-0.20884007170839997	19	0	-0.0005705266392361982	1	0	0.6549466289305365	False
guarded_feature_allocator_a002_refined_guard	two_feature_and	reported_ani_median	>=	0.97873385	raw_mass_sum	>=	449.3558366293164	38	20	-0.1757204228427364	0.0	20	0	-0.06116685835596639	0.0	3	0	-0.20866800212574949	20	0	0.0	0	0	0.6544069988098584	False
guarded_feature_allocator_a002_refined_guard	two_feature_and	reported_ani_median	>=	0.97873385	base_raw_mass	>=	449.3558366293164	38	20	-0.1757204228427364	0.0	20	0	-0.06116685835596639	0.0	3	0	-0.20866800212574949	20	0	0.0	0	0	0.6544069988098584	False
guarded_feature_allocator_a002_refined_guard	single	base_mass_multi_genus_frac	<=	0.9209343894249044				38	30	-0.17425577670861675	0.0002489100198779237	26	2	-0.10534721300046168	-2.063411077002364e-05	6	0	-0.20615356116847866	22	0	-0.004134259589353188	4	2	0.6465214210319077	False
guarded_feature_allocator_a002_refined_guard	two_feature_and	raw_mass_sum	>=	237.28166942796472	base_genus_count	<=	46.0	38	21	-0.17387942662526562	0.0	21	0	-0.04885003096162032	0.0	4	0	-0.20614052219902151	20	0	-0.0018202502319008551	1	0	0.6464805293150028	False
guarded_feature_allocator_a002_refined_guard	two_feature_and	base_raw_mass	>=	237.28166942796472	base_genus_count	<=	46.0	38	21	-0.17387942662526562	0.0	21	0	-0.04885003096162032	0.0	4	0	-0.20614052219902151	20	0	-0.0018202502319008551	1	0	0.6464805293150028	False
guarded_feature_allocator_a002_refined_guard	two_feature_and	reported_ani_median	>=	0.97873385	s_xny_mean	>=	470.0820473644003	38	21	-0.17208050805669123	0.0	21	0	-0.06615087797201502	0.0	3	0	-0.20434560331732082	21	0	0.0	0	0	0.6408514560190739	False
guarded_feature_allocator_a002_refined_guard	two_feature_and	reported_ani_median	>=	0.97873385	xny_max_mean	>=	470.0820473644003	38	21	-0.17208050805669123	0.0	21	0	-0.06615087797201502	0.0	3	0	-0.20434560331732082	21	0	0.0	0	0	0.6408514560190739	False
guarded_feature_allocator_a002_refined_guard	two_feature_and	s_xny_mean	>=	470.0820473644003	s_zip_median	>=	0.64105375	38	21	-0.17208050805669123	0.0	21	0	-0.06615087797201502	0.0	3	0	-0.20434560331732082	21	0	0.0	0	0	0.6408514560190739	False
guarded_feature_allocator_a002_refined_guard	two_feature_and	xny_max_mean	>=	470.0820473644003	s_zip_median	>=	0.64105375	38	21	-0.17208050805669123	0.0	21	0	-0.06615087797201502	0.0	3	0	-0.20434560331732082	21	0	0.0	0	0	0.6408514560190739	False
guarded_feature_allocator_a002_refined_guard	single	reported_ani_median	<=	0.9883576				38	23	-0.17187142846195191	0.0002489100198779237	19	2	-0.08397726608942584	0.0	5	0	-0.20332214762556416	15	0	-0.004134259589353188	4	2	0.6376417805497427	False
guarded_feature_allocator_a002_refined_guard	two_feature_and	reported_ani_median	>=	0.97873385	base_genus_count	<=	46.0	38	21	-0.17146550895717166	0.0	21	0	-0.06598858654297514	0.0	3	0	-0.20361529188664135	21	0	0.0	0	0	0.6385611148710358	False
guarded_feature_allocator_a002_refined_guard	single	s_zip_median	>=	0.6544981999999999				38	23	-0.17031773252720325	0.0	23	0	-0.09162166517838478	0.0	4	0	-0.20224068864849254	22	0	-6.196654699360445e-05	1	0	0.6342502000663348	False
guarded_feature_allocator_a002_refined_guard	single	s_xny_mean	<=	577.6033848417954				38	23	-0.17023756727938374	0.0002489100198779237	19	2	-0.08486691352666166	0.0	5	0	-0.20148891121612125	16	0	-0.00356373295011699	3	2	0.6318925390532457	False
guarded_feature_allocator_a002_refined_guard	single	xny_max_mean	<=	577.6033848417954				38	23	-0.17023756727938374	0.0002489100198779237	19	2	-0.08486691352666166	0.0	5	0	-0.20148891121612125	16	0	-0.00356373295011699	3	2	0.6318925390532457	False
guarded_feature_allocator_a002_refined_guard	two_feature_and	u_xny_median	>=	133.4	raw_mass_sum	>=	557.9426384637015	38	18	-0.17022452829177445	0.0	18	0	-0.047354637583755736	0.0	3	0	-0.20214162734648217	18	0	0.0	0	0	0.6339395323612416	False
guarded_feature_allocator_a002_refined_guard	two_feature_and	u_breadth_median	>=	0.13340000000000002	raw_mass_sum	>=	557.9426384637015	38	18	-0.17022452829177445	0.0	18	0	-0.047354637583755736	0.0	3	0	-0.20214162734648217	18	0	0.0	0	0	0.6339395323612416	False
guarded_feature_allocator_a002_refined_guard	two_feature_and	s_breadth_median	>=	0.24684294999999998	raw_mass_sum	>=	557.9426384637015	38	18	-0.17022452829177445	0.0	18	0	-0.047354637583755736	0.0	3	0	-0.20214162734648217	18	0	0.0	0	0	0.6339395323612416	False
guarded_feature_allocator_a002_refined_guard	single	s_xny_mean	>=	490.3905072463768				38	23	-0.17005675185243116	0.0	23	0	-0.06628874145066047	0.0	4	0	-0.20151045051812438	21	0	-0.002303692302067321	2	0	0.6319600887965544	False
guarded_feature_allocator_a002_refined_guard	single	xny_max_mean	>=	490.3905072463768				38	23	-0.17005675185243116	0.0	23	0	-0.06628874145066047	0.0	4	0	-0.20151045051812438	21	0	-0.002303692302067321	2	0	0.6319600887965544	False
guarded_feature_allocator_a002_refined_guard	two_feature_and	reported_ani_median	>=	0.97873385	s_breadth_median	>=	0.2903986	38	19	-0.16955089074775243	0.0	19	0	-0.06548334007104506	0.0	3	0	-0.201341682762956	19	0	0.0	0	0	0.6314308135889015	False
guarded_feature_allocator_a002_refined_guard	two_feature_and	reported_ani_median	>=	0.97873385	u_depth_median	>=	0.28400000000000003	38	19	-0.16955089074775243	0.0	19	0	-0.06548334007104506	0.0	3	0	-0.201341682762956	19	0	0.0	0	0	0.6314308135889015	False
guarded_feature_allocator_a002_refined_guard	single	u_xny_median	<=	352.3				38	23	-0.16952254488878393	0.0002489100198779237	19	2	-0.08335742181317317	0.0	5	0	-0.2005328483824272	15	0	-0.004134259589353188	4	2	0.6288942153845581	False
guarded_feature_allocator_a002_refined_guard	single	u_breadth_median	<=	0.35229999999999995				38	23	-0.16952254488878393	0.0002489100198779237	19	2	-0.08335742181317317	0.0	5	0	-0.2005328483824272	15	0	-0.004134259589353188	4	2	0.6288942153845581	False
guarded_feature_allocator_a002_refined_guard	single	top3_abundance	<=	0.6333561539772095				38	26	-0.16938729264544966	0.0002489100198779237	22	2	-0.10336516422971093	-2.063411077002364e-05	6	0	-0.20082050700680595	20	0	-0.0017434827182161345	2	2	0.6297963461144438	False
guarded_feature_allocator_a002_refined_guard	two_feature_and	s_xny_mean	>=	470.0820473644003	base_mass_multi_genus_frac	>=	0.8233634393428659	38	17	-0.16927205456349828	0.0	17	0	-0.04517452105036002	0.0	2	0	-0.2006855962323734	16	0	-0.0017331656628311227	1	0	0.6293732503158349	False
guarded_feature_allocator_a002_refined_guard	two_feature_and	xny_max_mean	>=	470.0820473644003	base_mass_multi_genus_frac	>=	0.8233634393428659	38	17	-0.16927205456349828	0.0	17	0	-0.04517452105036002	0.0	2	0	-0.2006855962323734	16	0	-0.0017331656628311227	1	0	0.6293732503158349	False
guarded_feature_allocator_a002_refined_guard	single	probability_min	>=	0.23720068440204567				38	23	-0.16892080375230592	0.0002489100198779237	21	2	-0.060658929415571446	0.0	4	0	-0.19992525452771637	18	0	-0.00356373295011699	3	2	0.6269887307539198	False
guarded_feature_allocator_a002_refined_guard	two_feature_and	u_xny_median	>=	197.2	s_zip_median	>=	0.64105375	38	21	-0.1688279748696206	0.0	21	0	-0.07765448586891154	0.0	3	0	-0.20048322015767445	21	0	0.0	0	0	0.6287385755294493	False
guarded_feature_allocator_a002_refined_guard	two_feature_and	u_breadth_median	>=	0.19720000000000001	s_zip_median	>=	0.64105375	38	21	-0.1688279748696206	0.0	21	0	-0.07765448586891154	0.0	3	0	-0.20048322015767445	21	0	0.0	0	0	0.6287385755294493	False
guarded_feature_allocator_a002_refined_guard	two_feature_and	reported_ani_median	>=	0.97873385	base_raw_mass	>=	541.5317538638295	38	18	-0.16870199583779413	0.0	18	0	-0.04600579108738644	0.0	2	0	-0.20033362005738053	18	0	0.0	0	0	0.6282694123052958	False
guarded_feature_allocator_a002_refined_guard	single	base_mass_multi_genus_frac	>=	0.8497086477934827				38	15	-0.1676930083626869	0.0	15	0	-0.0442523216512646	0.0	1	0	-0.1991354474306907	15	0	0.0	0	0	0.6245118043122135	False
guarded_feature_allocator_a002_refined_guard	single	u_xny_median	>=	287.25				38	19	-0.1675130908421743	0.0	19	0	-0.06494558731818416	0.0	3	0	-0.19892179537508198	19	0	0.0	0	0	0.6238417667449961	False
guarded_feature_allocator_a002_refined_guard	single	s_breadth_median	>=	0.345834				38	19	-0.1675130908421743	0.0	19	0	-0.06494558731818416	0.0	3	0	-0.19892179537508198	19	0	0.0	0	0	0.6238417667449961	False
guarded_feature_allocator_a002_refined_guard	single	u_breadth_median	>=	0.28724999999999995				38	19	-0.1675130908421743	0.0	19	0	-0.06494558731818416	0.0	3	0	-0.19892179537508198	19	0	0.0	0	0	0.6238417667449961	False
guarded_feature_allocator_a002_refined_guard	two_feature_and	s_breadth_median	>=	0.24684294999999998	s_zip_median	>=	0.64105375	38	21	-0.16691590412570248	0.0	21	0	-0.06478799637911521	0.0	3	0	-0.1982126361492717	21	0	0.0	0	0	0.6216177613588653	False
guarded_feature_allocator_a002_refined_guard	two_feature_and	raw_mass_sum	>=	449.3558366293164	s_breadth_median	>=	0.2903986	38	18	-0.16680239429550417	0.0	18	0	-0.046451574445851074	0.0	3	0	-0.1980778432259112	18	0	0.0	0	0	0.6211950351548544	False
guarded_feature_allocator_a002_refined_guard	two_feature_and	base_raw_mass	>=	449.3558366293164	s_breadth_median	>=	0.2903986	38	18	-0.16680239429550417	0.0	18	0	-0.046451574445851074	0.0	3	0	-0.1980778432259112	18	0	0.0	0	0	0.6211950351548544	False
guarded_feature_allocator_a002_refined_guard	single	s_depth_median	<=	1.1881831				38	23	-0.1664938377086087	0.0002489100198779237	19	2	-0.1021854528402245	-2.063411077002364e-05	6	0	-0.1970432323508259	16	0	-0.00356373295011699	3	2	0.6179503757398829	False
guarded_feature_allocator_a002_refined_guard	two_feature_and	s_xny_mean	>=	470.0820473644003	base_genus_count	<=	46.0	38	23	-0.16636931594512336	0.0	23	0	-0.06531566808623203	0.0	4	0	-0.19713162037819637	21	0	-0.002303692302067321	2	0	0.6182275708207433	False
guarded_feature_allocator_a002_refined_guard	two_feature_and	xny_max_mean	>=	470.0820473644003	base_genus_count	<=	46.0	38	23	-0.16636931594512336	0.0	23	0	-0.06531566808623203	0.0	4	0	-0.19713162037819637	21	0	-0.002303692302067321	2	0	0.6182275708207433	False
guarded_feature_allocator_a002_refined_guard	two_feature_and	s_xny_median	>=	391.0	base_genus_count	<=	46.0	38	22	-0.16625122215330404	0.0	22	0	-0.06477899779506507	0.0	4	0	-0.19731635256219177	21	0	-0.0005705266392361982	1	0	0.6188069123243782	False
guarded_feature_allocator_a002_refined_guard	two_feature_and	xny_max_median	>=	391.0	base_genus_count	<=	46.0	38	22	-0.16625122215330404	0.0	22	0	-0.06477899779506507	0.0	4	0	-0.19731635256219177	21	0	-0.0005705266392361982	1	0	0.6188069123243782	False
guarded_feature_allocator_a002_refined_guard	two_feature_and	s_depth_median	>=	0.5563099	base_genus_count	<=	46.0	38	22	-0.16625122215330404	0.0	22	0	-0.06477899779506507	0.0	4	0	-0.19731635256219177	21	0	-0.0005705266392361982	1	0	0.6188069123243782	False
guarded_feature_allocator_a002_refined_guard	two_feature_and	reported_ani_median	>=	0.97873385	base_mass_multi_genus_frac	>=	0.8233634393428659	38	15	-0.16619303908034033	0.0	15	0	-0.057412471664272303	0.0	2	0	-0.19735423390790416	15	0	0.0	0	0	0.6189257126076319	False
guarded_feature_allocator_a002_refined_guard	two_feature_and	u_depth_median	>=	0.201	raw_mass_sum	>=	557.9426384637015	38	17	-0.16544443438057307	0.0	17	0	-0.04609322391274426	0.0	3	0	-0.19646526582693052	17	0	0.0	0	0	0.6161378058467423	False
guarded_feature_allocator_a002_refined_guard	two_feature_and	u_xny_median	>=	197.2	raw_mass_sum	>=	557.9426384637015	38	17	-0.16544443438057307	0.0	17	0	-0.04609322391274426	0.0	3	0	-0.19646526582693052	17	0	0.0	0	0	0.6161378058467423	False
guarded_feature_allocator_a002_refined_guard	two_feature_and	u_breadth_median	>=	0.19720000000000001	raw_mass_sum	>=	557.9426384637015	38	17	-0.16544443438057307	0.0	17	0	-0.04609322391274426	0.0	3	0	-0.19646526582693052	17	0	0.0	0	0	0.6161378058467423	False
guarded_feature_allocator_a002_refined_guard	two_feature_and	u_depth_median	>=	0.25335	raw_mass_sum	>=	557.9426384637015	38	17	-0.16544443438057307	0.0	17	0	-0.04609322391274426	0.0	3	0	-0.19646526582693052	17	0	0.0	0	0	0.6161378058467423	False
guarded_feature_allocator_a002_refined_guard	two_feature_and	u_xny_median	>=	239.6	raw_mass_sum	>=	557.9426384637015	38	17	-0.16544443438057307	0.0	17	0	-0.04609322391274426	0.0	3	0	-0.19646526582693052	17	0	0.0	0	0	0.6161378058467423	False
guarded_feature_allocator_a002_refined_guard	two_feature_and	u_breadth_median	>=	0.23959999999999998	raw_mass_sum	>=	557.9426384637015	38	17	-0.16544443438057307	0.0	17	0	-0.04609322391274426	0.0	3	0	-0.19646526582693052	17	0	0.0	0	0	0.6161378058467423	False
guarded_feature_allocator_a002_refined_guard	two_feature_and	raw_mass_sum	>=	449.3558366293164	u_depth_median	>=	0.28400000000000003	38	17	-0.16544443438057307	0.0	17	0	-0.04609322391274426	0.0	3	0	-0.19646526582693052	17	0	0.0	0	0	0.6161378058467423	False
guarded_feature_allocator_a002_refined_guard	two_feature_and	base_raw_mass	>=	449.3558366293164	u_depth_median	>=	0.28400000000000003	38	17	-0.16544443438057307	0.0	17	0	-0.04609322391274426	0.0	3	0	-0.19646526582693052	17	0	0.0	0	0	0.6161378058467423	False
guarded_feature_allocator_a002_refined_guard	two_feature_and	s_breadth_median	>=	0.2903986	raw_mass_sum	>=	557.9426384637015	38	17	-0.16544443438057307	0.0	17	0	-0.04609322391274426	0.0	3	0	-0.19646526582693052	17	0	0.0	0	0	0.6161378058467423	False
guarded_feature_allocator_a002_refined_guard	two_feature_and	u_depth_median	>=	0.28400000000000003	raw_mass_sum	>=	557.9426384637015	38	17	-0.16544443438057307	0.0	17	0	-0.04609322391274426	0.0	3	0	-0.19646526582693052	17	0	0.0	0	0	0.6161378058467423	False
guarded_feature_allocator_a002_refined_guard	single	n_calls	>=	49.5				38	19	-0.16522045223237658	0.0002489100198779237	15	2	-0.10081300759247752	0.0	5	0	-0.1961973525780625	14	0	-1.031705538501182e-05	1	2	0.6152975988991171	False
guarded_feature_allocator_a002_refined_guard	single	n_base_calls	>=	49.0				38	19	-0.16522045223237658	0.0002489100198779237	15	2	-0.10081300759247752	0.0	5	0	-0.1961973525780625	14	0	-1.031705538501182e-05	1	2	0.6152975988991171	False
guarded_feature_allocator_a002_refined_guard	single	base_genus_count	>=	28.5				38	19	-0.16522045223237658	0.0002489100198779237	15	2	-0.10081300759247752	0.0	5	0	-0.1961973525780625	14	0	-1.031705538501182e-05	1	2	0.6152975988991171	False
guarded_feature_allocator_a002_refined_guard	two_feature_and	base_raw_mass	>=	541.5317538638295	s_breadth_median	>=	0.2903986	38	16	-0.16511817203075027	0.0	16	0	-0.045060059804972095	0.0	2	0	-0.19607782928651596	16	0	0.0	0	0	0.614922760027263	False
guarded_feature_allocator_a002_refined_guard	two_feature_and	base_raw_mass	>=	541.5317538638295	u_depth_median	>=	0.28400000000000003	38	16	-0.16511817203075027	0.0	16	0	-0.045060059804972095	0.0	2	0	-0.19607782928651596	16	0	0.0	0	0	0.614922760027263	False
guarded_feature_allocator_a002_refined_guard	two_feature_and	raw_mass_sum	>=	449.3558366293164	s_xny_mean	>=	470.0820473644003	38	19	-0.16470748163765878	0.0	19	0	-0.045898750272252986	0.0	3	0	-0.1955901344447198	19	0	0.0	0	0	0.6133932925741623	False
guarded_feature_allocator_a002_refined_guard	two_feature_and	raw_mass_sum	>=	449.3558366293164	xny_max_mean	>=	470.0820473644003	38	19	-0.16470748163765878	0.0	19	0	-0.045898750272252986	0.0	3	0	-0.1955901344447198	19	0	0.0	0	0	0.6133932925741623	False
guarded_feature_allocator_a002_refined_guard	two_feature_and	base_raw_mass	>=	449.3558366293164	s_xny_mean	>=	470.0820473644003	38	19	-0.16470748163765878	0.0	19	0	-0.045898750272252986	0.0	3	0	-0.1955901344447198	19	0	0.0	0	0	0.6133932925741623	False
guarded_feature_allocator_a002_refined_guard	two_feature_and	base_raw_mass	>=	449.3558366293164	xny_max_mean	>=	470.0820473644003	38	19	-0.16470748163765878	0.0	19	0	-0.045898750272252986	0.0	3	0	-0.1955901344447198	19	0	0.0	0	0	0.6133932925741623	False
guarded_feature_allocator_a002_refined_guard	two_feature_and	s_xny_median	>=	391.0	base_mass_multi_genus_frac	>=	0.8233634393428659	38	15	-0.16437386686047759	0.0	15	0	-0.04337643708818159	0.0	1	0	-0.19519396689681714	15	0	0.0	0	0	0.6121508653049704	False
guarded_feature_allocator_a002_refined_guard	two_feature_and	xny_max_median	>=	391.0	base_mass_multi_genus_frac	>=	0.8233634393428659	38	15	-0.16437386686047759	0.0	15	0	-0.04337643708818159	0.0	1	0	-0.19519396689681714	15	0	0.0	0	0	0.6121508653049704	False
guarded_feature_allocator_a002_refined_guard	two_feature_and	s_depth_median	>=	0.5563099	base_mass_multi_genus_frac	>=	0.8233634393428659	38	15	-0.16437386686047759	0.0	15	0	-0.04337643708818159	0.0	1	0	-0.19519396689681714	15	0	0.0	0	0	0.6121508653049704	False
guarded_feature_allocator_a002_refined_guard	single	raw_mass_sum	<=	699.3878892501291				38	23	-0.16427225274399826	0.0002489100198779237	21	2	-0.10122546310182991	-2.063411077002364e-05	6	0	-0.1942981264604942	17	0	-0.004134259589353188	4	2	0.6093414060425325	False
guarded_feature_allocator_a002_refined_guard	two_feature_and	u_depth_median	>=	0.25335	s_zip_median	>=	0.64105375	38	20	-0.16420344490283637	0.0	20	0	-0.07643412379434347	0.0	3	0	-0.1949915908221182	20	0	0.0	0	0	0.6115161905185849	False
guarded_feature_allocator_a002_refined_guard	two_feature_and	s_xny_median	>=	391.0	raw_mass_sum	>=	557.9426384637015	38	19	-0.16406690336955945	0.0	19	0	-0.04572970878483789	0.0	3	0	-0.19482944775135186	19	0	0.0	0	0	0.6110076910877327	False
guarded_feature_allocator_a002_refined_guard	two_feature_and	xny_max_median	>=	391.0	raw_mass_sum	>=	557.9426384637015	38	19	-0.16406690336955945	0.0	19	0	-0.04572970878483789	0.0	3	0	-0.19482944775135186	19	0	0.0	0	0	0.6110076910877327	False
guarded_feature_allocator_a002_refined_guard	two_feature_and	s_depth_median	>=	0.5563099	raw_mass_sum	>=	557.9426384637015	38	19	-0.16406690336955945	0.0	19	0	-0.04572970878483789	0.0	3	0	-0.19482944775135186	19	0	0.0	0	0	0.6110076910877327	False
guarded_feature_allocator_a002_refined_guard	two_feature_and	s_breadth_median	>=	0.2903986	base_genus_count	<=	46.0	38	20	-0.16356604089994808	0.0	20	0	-0.06407040829765169	0.0	4	0	-0.19412769982383155	19	0	-0.0005705266392361982	1	0	0.6088069283905709	False
guarded_feature_allocator_a002_refined_guard	two_feature_and	base_raw_mass	>=	541.5317538638295	s_xny_mean	>=	470.0820473644003	38	17	-0.16302325937290488	0.0	17	0	-0.044507235631373994	0.0	2	0	-0.19359012050532454	17	0	0.0	0	0	0.6071210174465709	False
guarded_feature_allocator_a002_refined_guard	two_feature_and	base_raw_mass	>=	541.5317538638295	xny_max_mean	>=	470.0820473644003	38	17	-0.16302325937290488	0.0	17	0	-0.044507235631373994	0.0	2	0	-0.19359012050532454	17	0	0.0	0	0	0.6071210174465709	False
guarded_feature_allocator_a002_refined_guard	two_feature_and	u_depth_median	>=	0.28400000000000003	base_genus_count	<=	46.0	38	20	-0.16249548891636975	0.0	20	0	-0.06431880784184515	0.0	4	0	-0.19251512242485086	18	0	-0.0023907768711370534	2	0	0.6037496990824588	False
guarded_feature_allocator_a002_refined_guard	single	top3_abundance	>=	0.5550237972108021				38	19	-0.16232421354661566	0.0	19	0	-0.057088841513621036	0.0	3	0	-0.1923117329232679	17	0	-0.0023907768711370534	2	0	0.6031118460721053	False
guarded_feature_allocator_a002_refined_guard	single	multi_species_genus_count	<=	13.0				38	28	-0.1615002992179134	6.098692977363207e-05	25	1	-0.06457680392353184	0.0	5	0	-0.19099865321014725	21	0	-0.004175744592666175	4	1	0.5989938761605347	False
guarded_feature_allocator_a002_refined_guard	single	multi_species_genus_count	>=	8.5				38	19	-0.16134542289170284	0.0002489100198779237	15	2	-0.08148396245506016	0.0	4	0	-0.19159575523601244	14	0	-1.031705538501182e-05	1	2	0.6008664572019454	False
guarded_feature_allocator_a002_refined_guard	single	base_genus_count	<=	35.19999999999999				38	23	-0.160687014401324	0.0	23	0	-0.06285986931073194	0.0	3	0	-0.19004259037645319	20	0	-0.004123942533968176	3	0	0.5959955524918472	False
guarded_feature_allocator_a002_refined_guard	single	probability_mean	>=	0.747976052702594				38	23	-0.1605048297914144	6.098692977363207e-05	22	1	-0.08902918453624319	0.0	4	0	-0.19058977249129871	21	0	-5.180205869799911e-05	1	1	0.5977115789162661	False
guarded_feature_allocator_a002_refined_guard	single	s_xny_median	<=	628.1999999999999				38	23	-0.16016677269338417	0.0002489100198779237	19	2	-0.082209342733134	0.0	5	0	-0.18952984264524678	16	0	-0.00356373295011699	3	2	0.5943875162787859	False
guarded_feature_allocator_a002_refined_guard	single	xny_max_median	<=	628.1999999999999				38	23	-0.16016677269338417	0.0002489100198779237	19	2	-0.082209342733134	0.0	5	0	-0.18952984264524678	16	0	-0.00356373295011699	3	2	0.5943875162787859	False
guarded_feature_allocator_a002_refined_guard	two_feature_and	raw_mass_sum	>=	449.3558366293164	base_mass_multi_genus_frac	>=	0.8233634393428659	38	13	-0.1577879740123921	0.0	13	0	-0.041638493142159026	0.0	1	0	-0.18737321913971564	13	0	0.0	0	0	0.5876240954311232	False
guarded_feature_allocator_a002_refined_guard	two_feature_and	base_raw_mass	>=	449.3558366293164	base_mass_multi_genus_frac	>=	0.8233634393428659	38	13	-0.1577879740123921	0.0	13	0	-0.041638493142159026	0.0	1	0	-0.18737321913971564	13	0	0.0	0	0	0.5876240954311232	False
guarded_feature_allocator_a002_refined_guard	two_feature_and	u_xny_median	>=	239.6	s_zip_median	>=	0.64105375	38	19	-0.1575112802477169	0.0	19	0	-0.062306220633535685	0.0	3	0	-0.1870446452941638	19	0	0.0	0	0	0.5865936498335015	False
guarded_feature_allocator_a002_refined_guard	two_feature_and	u_breadth_median	>=	0.23959999999999998	s_zip_median	>=	0.64105375	38	19	-0.1575112802477169	0.0	19	0	-0.062306220633535685	0.0	3	0	-0.1870446452941638	19	0	0.0	0	0	0.5865936498335015	False
guarded_feature_allocator_a002_refined_guard	two_feature_and	base_raw_mass	>=	541.5317538638295	base_mass_multi_genus_frac	>=	0.8233634393428659	38	12	-0.15643001409746102	0.0	12	0	-0.04128014260905221	0.0	1	0	-0.18576064174073495	12	0	0.0	0	0	0.5825668661230109	False
guarded_feature_allocator_a002_refined_guard	two_feature_and	base_mass_multi_genus_frac	>=	0.8233634393428659	raw_mass_sum	>=	557.9426384637015	38	12	-0.15643001409746102	0.0	12	0	-0.04128014260905221	0.0	1	0	-0.18576064174073495	12	0	0.0	0	0	0.5825668661230109	False
guarded_feature_allocator_a002_refined_guard	single	probability_min	>=	0.3558654685445837				38	19	-0.15564655956187556	0.0002489100198779237	17	2	-0.05513788869526825	0.0	4	0	-0.18450338647006173	15	0	-0.0017434827182161345	2	2	0.5786239681221794	False
guarded_feature_allocator_a002_refined_guard	two_feature_and	reported_ani_median	>=	0.97873385	raw_mass_sum	>=	557.9426384637015	38	18	-0.1552809324751545	0.0	18	0	-0.043411188687703245	0.0	3	0	-0.184396107314246	18	0	0.0	0	0	0.5782875282766974	False
guarded_feature_allocator_a002_refined_guard	two_feature_and	raw_mass_sum	>=	449.3558366293164	base_genus_count	<=	46.0	38	18	-0.15326871173815615	0.0	18	0	-0.04288018599321757	0.0	3	0	-0.18200659518906043	18	0	0.0	0	0	0.5707937417711836	False
guarded_feature_allocator_a002_refined_guard	two_feature_and	base_raw_mass	>=	449.3558366293164	base_genus_count	<=	46.0	38	18	-0.15326871173815615	0.0	18	0	-0.04288018599321757	0.0	3	0	-0.18200659518906043	18	0	0.0	0	0	0.5707937417711836	False
guarded_feature_allocator_a002_refined_guard	two_feature_and	base_mass_multi_genus_frac	>=	0.8233634393428659	base_genus_count	<=	46.0	38	15	-0.15305319075279428	0.0	15	0	-0.040894543100313124	0.0	2	0	-0.1814256954571624	14	0	-0.0017331656628311227	1	0	0.5689719729983568	False
guarded_feature_allocator_a002_refined_guard	single	s_zip_median	<=	0.7138232				38	23	-0.15270251132290957	0.0002489100198779237	19	2	-0.06536282660410717	0.0	5	0	-0.1805590585229514	15	0	-0.004134259589353188	4	2	0.5662540992975629	False
guarded_feature_allocator_a002_refined_guard	single	max_species_per_genus	<=	11.600000000000001				38	30	-0.15256544169559905	0.0002489100198779237	26	2	-0.08726145932854185	-2.063411077002364e-05	6	0	-0.18039628834052013	22	0	-0.004134259589353188	4	2	0.5657436331719689	False
guarded_feature_allocator_a002_refined_guard	single	s_breadth_median	<=	0.4341132				38	23	-0.15249551462553299	0.0002489100198779237	19	2	-0.08035138656833939	0.0	5	0	-0.1803132499448167	15	0	-0.004134259589353188	4	2	0.5654832151550008	False
guarded_feature_allocator_a002_refined_guard	two_feature_and	base_raw_mass	>=	541.5317538638295	base_genus_count	<=	46.0	38	16	-0.15158448947340225	0.0	16	0	-0.04148867135233859	0.0	2	0	-0.18000658124966518	16	0	0.0	0	0	0.5645214666435922	False
guarded_feature_allocator_a002_refined_guard	single	s_depth_median	>=	0.8417239999999999				38	19	-0.15146718948454738	0.0	19	0	-0.04108397903810171	0.0	3	0	-0.17976031376804322	18	0	-0.0005705266392361982	1	0	0.5637491433265962	False
guarded_feature_allocator_a002_refined_guard	single	abundance_entropy	<=	2.643623508864197				38	23	-0.151122873267619	0.0	23	0	-0.043516739635899866	0.0	4	0	-0.17868517278017854	20	0	-0.004123942533968176	3	0	0.5603773767883706	False
guarded_feature_allocator_a002_refined_guard	two_feature_and	raw_mass_sum	>=	449.3558366293164	s_zip_median	>=	0.64105375	38	19	-0.14993348663023848	0.0	19	0	-0.054361972411001665	0.0	3	0	-0.1780460153734082	19	0	0.0	0	0	0.5583729052063807	False
guarded_feature_allocator_a002_refined_guard	two_feature_and	base_raw_mass	>=	449.3558366293164	s_zip_median	>=	0.64105375	38	19	-0.14993348663023848	0.0	19	0	-0.054361972411001665	0.0	3	0	-0.1780460153734082	19	0	0.0	0	0	0.5583729052063807	False
guarded_feature_allocator_a002_refined_guard	two_feature_and	s_xny_mean	>=	470.0820473644003	raw_mass_sum	>=	557.9426384637015	38	17	-0.14960219601026525	0.0	17	0	-0.04191263323169081	0.0	3	0	-0.17765260776219	17	0	0.0	0	0	0.5571391334179725	False
guarded_feature_allocator_a002_refined_guard	two_feature_and	xny_max_mean	>=	470.0820473644003	raw_mass_sum	>=	557.9426384637015	38	17	-0.14960219601026525	0.0	17	0	-0.04191263323169081	0.0	3	0	-0.17765260776219	17	0	0.0	0	0	0.5571391334179725	False
guarded_feature_allocator_a002_refined_guard	single	multi_species_genus_count	>=	11.2				38	15	-0.1479783516131975	0.0002489100198779237	13	2	-0.0764693320152638	0.0	4	0	-0.17572235809278736	12	0	-1.031705538501182e-05	1	2	0.5510856471132237	False
guarded_feature_allocator_a002_refined_guard	single	multi_species_genus_count	>=	13.0				38	14	-0.14796856742156694	0.0002489100198779237	12	2	-0.07644867649959927	0.00010329898321718527	3	1	-0.17572235809278736	12	0	5.164949160859263e-05	0	2	0.5510856471132237	False
guarded_feature_allocator_a002_refined_guard	single	n_calls	<=	79.8				38	26	-0.14769586075318372	6.098692977363207e-05	25	1	-0.06093396599533928	0.0	5	0	-0.17460588253328074	21	0	-0.004175744592666175	4	1	0.5475842505756704	False
guarded_feature_allocator_a002_refined_guard	single	n_base_calls	<=	79.8				38	26	-0.14769586075318372	6.098692977363207e-05	25	1	-0.06093396599533928	0.0	5	0	-0.17460588253328074	21	0	-0.004175744592666175	4	1	0.5475842505756704	False
guarded_feature_allocator_a002_refined_guard	single	top1_abundance	>=	0.3070098530975285				38	19	-0.1463936124970261	6.098692977363207e-05	18	1	-0.053662631756573716	2.032897659121069e-05	4	1	-0.1735030237632925	17	0	-0.0018100857436052498	1	1	0.544125557865591	False
guarded_feature_allocator_a002_refined_guard	single	max_species_per_genus	>=	9.0				38	13	-0.14638780728622655	0.0	13	0	-0.08285447426793868	0.0	3	0	-0.17383552115239403	13	0	0.0	0	0	0.5451683081497622	False
guarded_feature_allocator_a002_refined_guard	two_feature_and	s_zip_median	>=	0.64105375	base_genus_count	<=	46.0	38	21	-0.1456883569363043	0.0	21	0	-0.059204356113674944	0.0	4	0	-0.17299330513430006	20	0	-6.196654699360445e-05	1	0	0.5425270212675581	False
guarded_feature_allocator_a002_refined_guard	single	top3_abundance	>=	0.5757662146624076				38	15	-0.14538184146587457	0.0	15	0	-0.03906196252979854	0.0	2	0	-0.17219266607738784	13	0	-0.0023907768711370534	2	0	0.5400161245463247	False
guarded_feature_allocator_a002_refined_guard	single	s_xny_median	>=	527.25				38	19	-0.1444068920595858	0.0	19	0	-0.057527312945698655	0.0	3	0	-0.17137621057590133	18	0	-0.0005705266392361982	1	0	0.5374556256248485	False
guarded_feature_allocator_a002_refined_guard	single	xny_max_median	>=	527.25				38	19	-0.1444068920595858	0.0	19	0	-0.057527312945698655	0.0	3	0	-0.17137621057590133	18	0	-0.0005705266392361982	1	0	0.5374556256248485	False
guarded_feature_allocator_a002_refined_guard	single	n_calls	>=	69.8				38	15	-0.14435170237062137	0.0002489100198779237	11	2	-0.0754942260000442	0.00010329898321718527	3	1	-0.1714273308447895	11	0	5.164949160859263e-05	0	2	0.5376159447030046	False
guarded_feature_allocator_a002_refined_guard	single	n_base_calls	>=	69.8				38	15	-0.14435170237062137	0.0002489100198779237	11	2	-0.0754942260000442	0.00010329898321718527	3	1	-0.1714273308447895	11	0	5.164949160859263e-05	0	2	0.5376159447030046	False
guarded_feature_allocator_a002_refined_guard	single	u_depth_median	>=	0.3345				38	19	-0.1438540376888181	0.0	19	0	-0.058868629672492394	0.0	4	0	-0.1707196960106147	18	0	-0.0005705266392361982	1	0	0.5353967199854238	False
guarded_feature_allocator_a002_refined_guard	two_feature_and	s_breadth_median	>=	0.2903986	s_zip_median	>=	0.64105375	38	18	-0.14376395453525448	0.0	18	0	-0.058678454126080325	0.0	3	0	-0.1707196960106147	18	0	0.0	0	0	0.5353967199854238	False
guarded_feature_allocator_a002_refined_guard	two_feature_and	u_depth_median	>=	0.28400000000000003	s_zip_median	>=	0.64105375	38	18	-0.14376395453525448	0.0	18	0	-0.058678454126080325	0.0	3	0	-0.1707196960106147	18	0	0.0	0	0	0.5353967199854238	False
guarded_feature_allocator_a002_refined_guard	two_feature_and	base_raw_mass	>=	541.5317538638295	s_zip_median	>=	0.64105375	38	17	-0.14291505962529621	0.0	17	0	-0.039200905142421714	0.0	2	0	-0.16971163330503924	17	0	0.0	0	0	0.5322353187018181	False
guarded_feature_allocator_a002_refined_guard	single	top1_abundance	<=	0.3954318194747252				38	26	-0.14078256277569076	0.0002489100198779237	22	2	-0.08295802852786816	-2.063411077002364e-05	6	0	-0.16640411962312907	18	0	-0.004134259589353188	4	2	0.5218625730961118	False
guarded_feature_allocator_a002_refined_guard	single	base_mass_multi_genus_frac	>=	0.8870661355333622				38	12	-0.14074157141892665	0.0	12	0	-0.03714013690221676	0.0	1	0	-0.1671306160599754	12	0	0.0	0	0	0.5241409499820713	False
guarded_feature_allocator_a002_refined_guard	single	probability_min	>=	0.36165152498725517				38	15	-0.14054341135009663	6.098692977363207e-05	14	1	-0.037590386671070584	2.032897659121069e-05	2	1	-0.16657223825801434	13	0	-0.0017230011745355174	1	1	0.5223898125874498	False
guarded_feature_allocator_a002_refined_guard	two_feature_and	base_mass_multi_genus_frac	>=	0.8233634393428659	s_zip_median	>=	0.64105375	38	14	-0.14040610286784241	0.0	14	0	-0.05060758571930757	0.0	2	0	-0.16673224715556287	14	0	0.0	0	0	0.5228916190041543	False
guarded_feature_allocator_a002_refined_guard	single	s_zip_median	<=	0.6772395				38	19	-0.1394521976495086	0.0002489100198779237	15	2	-0.049504300785697314	0.0	4	0	-0.16482431103578776	11	0	-0.004134259589353188	4	2	0.5169081105728494	False
guarded_feature_allocator_a002_refined_guard	single	abundance_entropy	>=	2.498972023583467				38	19	-0.13937271021482237	0.0002489100198779237	15	2	-0.0939920756711785	0.0	5	0	-0.16550315893221687	14	0	-1.031705538501182e-05	1	2	0.5190370561228377	False
guarded_feature_allocator_a002_refined_guard	single	base_raw_mass	<=	697.0994010931353				38	23	-0.13848531653150034	0.0002489100198779237	20	2	-0.09442057715686518	-2.063411077002364e-05	6	0	-0.16367613970815292	16	0	-0.004134259589353188	4	2	0.5133073124390548	False
guarded_feature_allocator_a002_refined_guard	two_feature_and	base_genus_count	<=	46.0	raw_mass_sum	>=	557.9426384637015	38	16	-0.13816342611076263	0.0	16	0	-0.038894068952655396	0.0	3	0	-0.16406906850653064	16	0	0.0	0	0	0.5145395826149938	False
guarded_feature_allocator_a002_refined_guard	single	s_xny_mean	<=	544.9496855345913				38	19	-0.1373092303846401	0.0002489100198779237	15	2	-0.07469028243813577	0.0	5	0	-0.1623865111536132	12	0	-0.00356373295011699	3	2	0.509262888074234	False
guarded_feature_allocator_a002_refined_guard	single	xny_max_mean	<=	544.9496855345913				38	19	-0.1373092303846401	0.0002489100198779237	15	2	-0.07469028243813577	0.0	5	0	-0.1623865111536132	12	0	-0.00356373295011699	3	2	0.509262888074234	False
guarded_feature_allocator_a002_refined_guard	single	reported_ani_median	<=	0.98484225				38	19	-0.13713501241200837	0.0002489100198779237	15	2	-0.06125473661373046	0.0	5	0	-0.16207265356625622	11	0	-0.004134259589353188	4	2	0.5082785943650712	False
guarded_feature_allocator_a002_refined_guard	single	probability_mean	>=	0.7719936662139386				38	19	-0.13678923148726363	0.0	19	0	-0.08277386629284518	0.0	4	0	-0.16242559366356424	18	0	-6.196654699360445e-05	1	0	0.5093854553475221	False
guarded_feature_allocator_a002_refined_guard	single	top1_abundance	<=	0.3564428830244644				38	23	-0.1349085012065196	0.0002489100198779237	20	1	-0.0814108935895342	-4.096308736123433e-05	6	0	-0.15942676566818287	16	0	-0.0041444240776487935	4	1	0.49998078377156163	False
guarded_feature_allocator_a002_refined_guard	single	top1_abundance	>=	0.3564428830244644				38	15	-0.13426283336606518	6.098692977363207e-05	14	1	-0.04898348051391902	2.032897659121069e-05	2	1	-0.15943902046375782	14	0	1.0164488295605345e-05	0	1	0.5000192162284383	False
guarded_feature_allocator_a002_refined_guard	single	probability_mean	<=	0.7719936662139386				38	19	-0.13238210308532117	0.0002489100198779237	15	2	-0.04762050781060805	0.00010329898321718527	3	1	-0.15644019246837648	12	0	-0.004072293042359583	3	2	0.49061454465247784	False
guarded_feature_allocator_a002_refined_guard	single	reported_ani_median	>=	0.98484225				38	19	-0.13203632216057642	0.0	19	0	-0.06913963748972277	0.0	3	0	-0.1567931325656845	19	0	0.0	0	0	0.4917214056349289	False
guarded_feature_allocator_a002_refined_guard	single	s_xny_mean	>=	544.9496855345913				38	19	-0.1318621041879447	0.0	19	0	-0.05570409166531747	0.0	4	0	-0.15647927497832753	18	0	-0.0005705266392361982	1	0	0.4907371119257659	False
guarded_feature_allocator_a002_refined_guard	single	xny_max_mean	>=	544.9496855345913				38	19	-0.1318621041879447	0.0	19	0	-0.05570409166531747	0.0	4	0	-0.15647927497832753	18	0	-0.0005705266392361982	1	0	0.4907371119257659	False
guarded_feature_allocator_a002_refined_guard	single	max_species_per_genus	<=	9.0				38	27	-0.13148006026370393	0.0002489100198779237	23	2	-0.0633907935003855	-2.063411077002364e-05	6	0	-0.1553573978901447	19	0	-0.004134259589353188	4	2	0.4872187755692945	False
guarded_feature_allocator_a002_refined_guard	single	base_raw_mass	>=	697.0994010931353				38	15	-0.13068601804108446	0.0	14	0	-0.03597379694658805	0.0	2	0	-0.1551896464237878	14	0	0.0	0	0	0.4866926875609452	False
guarded_feature_allocator_a002_refined_guard	single	abundance_entropy	<=	2.498972023583467				38	19	-0.12979862435776243	0.0	19	0	-0.036402298432274736	0.0	3	0	-0.15336262719972385	16	0	-0.004123942533968176	3	0	0.4809629438771623	False
guarded_feature_allocator_a002_refined_guard	single	s_zip_median	>=	0.6772395				38	19	-0.12971913692307618	0.0	19	0	-0.08089007331775591	0.0	3	0	-0.15404147509615296	19	0	0.0	0	0	0.4830918894271506	False
guarded_feature_allocator_a002_refined_guard	two_feature_and	s_zip_median	>=	0.64105375	raw_mass_sum	>=	557.9426384637015	38	17	-0.1294939962626566	0.0	17	0	-0.036606302742738524	0.0	3	0	-0.1537741205619047	17	0	0.0	0	0	0.4822534346732196	False
guarded_feature_allocator_a002_refined_guard	single	probability_min	<=	0.36165152498725517				38	23	-0.12862792322248817	0.0002489100198779237	20	1	-0.09280398743238265	-4.096308736123433e-05	6	0	-0.15229354787392638	17	0	-0.0024112584148176706	3	1	0.47761018741255024	False
guarded_feature_allocator_a002_refined_guard	single	base_mass_multi_genus_frac	<=	0.8870661355333622				38	26	-0.12842976315365812	0.0002489100198779237	22	2	-0.09325423720123649	-2.063411077002364e-05	6	0	-0.1517351700719653	18	0	-0.004134259589353188	4	2	0.4758590500179286	False
guarded_feature_allocator_a002_refined_guard	single	top1_abundance	>=	0.3954318194747252				38	12	-0.128388771796894	0.0	12	0	-0.04743634557558507	0.0	2	0	-0.15246166650881163	12	0	0.0	0	0	0.4781374269038881	False
guarded_feature_allocator_a002_refined_guard	single	u_depth_median	<=	0.3345				38	19	-0.1253172968837667	0.0002489100198779237	15	2	-0.07152574443096084	0.0	5	0	-0.148146090121326	12	0	-0.00356373295011699	3	2	0.4646032800145762	False
guarded_feature_allocator_a002_refined_guard	single	n_calls	<=	69.8				38	23	-0.12481963220196342	0.0	23	0	-0.054900148103409034	0.0	5	0	-0.14743845528715122	19	0	-0.0041859090809617805	4	0	0.4623840552969955	False
guarded_feature_allocator_a002_refined_guard	single	n_base_calls	<=	69.8				38	23	-0.12481963220196342	0.0	23	0	-0.054900148103409034	0.0	5	0	-0.14743845528715122	19	0	-0.0041859090809617805	4	0	0.4623840552969955	False
guarded_feature_allocator_a002_refined_guard	single	s_xny_median	<=	527.25				38	19	-0.12476444251299901	0.0002489100198779237	15	2	-0.07286706115775458	0.0	5	0	-0.1474895755560394	12	0	-0.00356373295011699	3	2	0.46254437437515156	False
guarded_feature_allocator_a002_refined_guard	single	xny_max_median	<=	527.25				38	19	-0.12476444251299901	0.0002489100198779237	15	2	-0.07286706115775458	0.0	5	0	-0.1474895755560394	12	0	-0.00356373295011699	3	2	0.46254437437515156	False
guarded_feature_allocator_a002_refined_guard	single	top3_abundance	<=	0.5757662146624076				38	23	-0.12378949310671022	0.0002489100198779237	19	2	-0.09133241157365468	-2.063411077002364e-05	6	0	-0.14667312005455288	17	0	-0.0017434827182161345	2	2	0.4599838754536753	False
guarded_feature_allocator_a002_refined_guard	single	max_species_per_genus	<=	8.0				38	25	-0.12278352728635825	0.0002489100198779237	21	2	-0.04753989983551455	-2.063411077002364e-05	6	0	-0.14503026497954669	17	0	-0.004134259589353188	4	2	0.4548316918502378	False
guarded_feature_allocator_a002_refined_guard	single	top1_abundance	<=	0.3070098530975285				38	19	-0.1227777220755587	0.0002489100198779237	16	1	-0.0767317423468795	-4.096308736123433e-05	6	0	-0.14536276236864823	13	0	-0.002324173845747938	3	1	0.455874442134409	False
guarded_feature_allocator_a002_refined_guard	single	n_calls	>=	79.8				38	12	-0.12147547381940109	0.0002489100198779237	9	1	-0.06946040810811395	8.297000662597458e-05	3	1	-0.14425990359865998	9	0	4.148500331298729e-05	0	1	0.45241574942432966	False
guarded_feature_allocator_a002_refined_guard	single	n_base_calls	>=	79.8				38	12	-0.12147547381940109	0.0002489100198779237	9	1	-0.06946040810811395	8.297000662597458e-05	3	1	-0.14425990359865998	9	0	4.148500331298729e-05	0	1	0.45241574942432966	False
guarded_feature_allocator_a002_refined_guard	single	multi_species_genus_count	<=	11.2				38	23	-0.1211929829593873	0.0	21	0	-0.053925042088189414	0.0	4	0	-0.14314342803915336	18	0	-0.004123942533968176	3	0	0.4489143528867763	False
guarded_feature_allocator_a002_refined_guard	single	abundance_entropy	>=	2.643623508864197				38	15	-0.11804846130496578	0.0002489100198779237	11	2	-0.08687763446755335	0.0	5	0	-0.14018061335176218	10	0	-1.031705538501182e-05	1	2	0.4396226232116294	False
guarded_feature_allocator_a002_refined_guard	single	s_depth_median	<=	0.8417239999999999				38	19	-0.11770414508803742	0.0002489100198779237	15	2	-0.0893103950653515	-2.063411077002364e-05	6	0	-0.1391054723638975	12	0	-0.00356373295011699	3	2	0.4362508566734038	False
guarded_feature_allocator_a002_refined_guard	single	s_breadth_median	>=	0.4341132				38	15	-0.1166758199470518	0.0	15	0	-0.050042987535113846	0.0	2	0	-0.13855253618712401	15	0	0.0	0	0	0.43451678484499917	False
guarded_feature_allocator_a002_refined_guard	single	max_species_per_genus	>=	11.600000000000001				38	8	-0.11660589287698576	0.0	8	0	-0.0431329147749114	0.0	2	0	-0.1384694977914206	8	0	0.0	0	0	0.4342563668280312	False
guarded_feature_allocator_a002_refined_guard	single	s_zip_median	>=	0.7138232				38	15	-0.11646882324967522	0.0	15	0	-0.06503154749934606	0.0	3	0	-0.13830672760898932	15	0	0.0	0	0	0.4337459007024371	False
guarded_feature_allocator_a002_refined_guard	single	probability_min	<=	0.3558654685445837				38	19	-0.11352477501070923	0.0	17	0	-0.07525648540818498	0.0	5	0	-0.134362399661879	15	0	-0.0023907768711370534	2	0	0.42137603187782063	False
